Ticker,Date/Time,Open,High,Low,Close,Volume
RCL,6/15/2007 00:00:00,20.0519,20.0519,18.7861,18.9871,26200
RCL,6/18/2007 00:00:00,20.0921,20.6447,20.0921,20.6447,14200
RCL,6/19/2007 00:00:00,22.4027,22.5233,22.4027,22.5233,7800
RCL,6/20/2007 00:00:00,24.7535,24.7535,24.7535,24.7535,8600
RCL,6/21/2007 00:00:00,27.2248,27.2248,27.2248,27.2248,8000
RCL,6/22/2007 00:00:00,29.9473,29.9473,24.5023,25.9188,65600
RCL,6/25/2007 00:00:00,25.9992,29.1336,25.9992,25.9992,25200
RCL,6/26/2007 00:00:00,24.6128,24.6128,23.5681,23.7087,20300
RCL,6/27/2007 00:00:00,21.5086,23.6082,21.4383,22.4027,33400
RCL,6/28/2007 00:00:00,22.1013,24.4622,21.3981,24.4622,15800
RCL,6/29/2007 00:00:00,25.5371,25.5371,24.6128,25.5371,26400
RCL,7/2/2007 00:00:00,27.6267,27.7271,23.6082,24.1105,15200
RCL,7/3/2007 00:00:00,23.1059,24.7234,23.1059,24.1105,10000
RCL,7/4/2007 00:00:00,24.9142,25.9691,24.9142,25.6175,20800
RCL,7/5/2007 00:00:00,25.1051,25.1051,23.9096,24.5124,6600
RCL,7/6/2007 00:00:00,24.1105,24.6128,24.1105,24.6128,7900
RCL,7/9/2007 00:00:00,25.0649,25.0649,24.1105,24.1105,4700
RCL,7/10/2007 00:00:00,24.9645,25.0147,21.8803,24.4119,10400
RCL,7/11/2007 00:00:00,24.211,24.5023,24.211,24.2612,7700
RCL,7/12/2007 00:00:00,24.2211,24.4119,24.0101,24.1105,3600
RCL,7/13/2007 00:00:00,23.7087,24.1105,23.6082,23.8594,6100
RCL,7/16/2007 00:00:00,23.1059,23.1059,21.3981,22.905,13400
RCL,7/17/2007 00:00:00,22.6036,23.1059,22.6036,23.0055,7300
RCL,7/18/2007 00:00:00,23.0055,23.0055,22.6036,22.9151,4900
RCL,7/19/2007 00:00:00,22.7041,22.7041,22.463,22.4931,7400
RCL,7/20/2007 00:00:00,22.3023,22.3525,21.6091,21.6995,12800
RCL,7/23/2007 00:00:00,22.1114,22.1114,21.3981,21.599,5800
RCL,7/24/2007 00:00:00,21.6995,21.6995,20.6949,21.4483,16900
RCL,7/25/2007 00:00:00,21.3981,21.3981,20.3935,20.3935,3300
RCL,7/26/2007 00:00:00,20.0921,20.0921,18.6154,18.9871,12800
RCL,7/27/2007 00:00:00,18.5852,18.6656,18.2537,18.6555,16100
RCL,7/30/2007 00:00:00,18.0829,19.2884,18.0829,19.2884,7200
RCL,7/31/2007 00:00:00,19.0875,19.3989,19.0875,19.3989,4500
RCL,8/1/2007 00:00:00,21.1158,21.1158,21.0552,21.1158,2800
RCL,8/2/2007 00:00:00,23.2153,23.2153,18.9961,18.9961,11400
RCL,8/3/2007 00:00:00,20.1872,20.5909,19.6825,20.1872,3200
RCL,8/6/2007 00:00:00,20.2276,20.2578,19.632,19.632,2700
RCL,8/7/2007 00:00:00,20.1872,20.9947,19.6825,20.9947,4900
RCL,8/8/2007 00:00:00,20.6919,20.6919,20.2881,20.5909,2300
RCL,8/9/2007 00:00:00,20.6919,21.1966,20.6414,20.9947,10000
RCL,8/10/2007 00:00:00,20.1973,20.1973,19.9853,20.1872,4600
RCL,8/13/2007 00:00:00,20.1872,20.1872,19.3898,19.8541,2700
RCL,8/14/2007 00:00:00,19.7835,19.8844,19.7835,19.8541,3600
RCL,8/15/2007 00:00:00,20.0358,20.0358,19.8945,19.9853,5000
RCL,8/16/2007 00:00:00,20.056,20.056,19.9853,19.9853,5100
RCL,8/17/2007 00:00:00,19.0365,19.6825,19.0365,19.1879,1100
RCL,8/20/2007 00:00:00,19.3797,19.8844,19.3797,19.8844,500
RCL,8/21/2007 00:00:00,19.8844,19.8844,19.4907,19.4907,1900
RCL,8/22/2007 00:00:00,19.6825,19.6825,19.4302,19.5816,1300
RCL,8/23/2007 00:00:00,19.6825,19.6825,19.2788,19.2788,3400
RCL,8/24/2007 00:00:00,19.4907,20.0863,19.2788,19.2788,4500
RCL,8/27/2007 00:00:00,20.1872,21.6003,19.7128,19.7128,1400
RCL,8/29/2007 00:00:00,20.0762,20.0762,19.9853,19.9853,300
RCL,8/30/2007 00:00:00,20.1973,20.1973,19.8541,19.8844,1100
RCL,8/31/2007 00:00:00,20.0762,20.1771,20.0459,20.1771,5300
RCL,9/4/2007 00:00:00,20.2478,20.3891,20.1872,20.3891,4300
RCL,9/5/2007 00:00:00,20.3891,20.3891,20.0055,20.1872,10300
RCL,9/6/2007 00:00:00,20.3891,20.3891,20.1771,20.1771,1000
RCL,9/7/2007 00:00:00,20.2881,20.6919,20.1973,20.2881,4600
RCL,9/10/2007 00:00:00,20.6919,22.004,20.3891,21.7012,9400
RCL,9/11/2007 00:00:00,21.7012,22.6097,21.7012,22.004,18300
RCL,9/12/2007 00:00:00,22.5087,23.1143,22.5087,22.862,10100
RCL,9/13/2007 00:00:00,23.3162,23.3768,22.7106,22.7308,14600
RCL,9/14/2007 00:00:00,22.7611,22.7611,20.7928,21.8022,6400
RCL,9/17/2007 00:00:00,22.8115,22.8115,21.7012,22.2059,5200
RCL,9/18/2007 00:00:00,22.216,22.7106,22.004,22.4078,9000
RCL,9/19/2007 00:00:00,22.4078,23.2153,22.4078,22.862,12200
RCL,9/20/2007 00:00:00,23.3162,23.3263,22.7106,22.8115,12300
RCL,9/21/2007 00:00:00,23.0134,23.0134,22.6097,23.0134,4800
RCL,9/24/2007 00:00:00,23.2153,23.8209,23.0134,23.72,12700
RCL,9/25/2007 00:00:00,24.2246,24.6284,23.73,24.4265,6300
RCL,9/26/2007 00:00:00,24.5274,25.0321,24.5274,24.9817,13200
RCL,9/27/2007 00:00:00,24.7293,25.1331,24.7293,25.0321,12300
RCL,9/28/2007 00:00:00,25.0321,27.1518,25.0321,26.9499,16100
RCL,10/1/2007 00:00:00,28.474,28.474,27.2527,28.474,21000
RCL,10/2/2007 00:00:00,31.0883,31.0883,26.4452,28.7869,15000
RCL,10/3/2007 00:00:00,27.2527,28.2621,27.2527,27.7473,21300
RCL,10/4/2007 00:00:00,27.2628,27.7574,27.2527,27.5757,8900
RCL,10/5/2007 00:00:00,27.2527,27.4546,26.4957,27.0407,21900
RCL,10/8/2007 00:00:00,26.748,27.7473,26.5462,26.5462,10700
RCL,10/9/2007 00:00:00,26.5462,26.9499,26.526,26.5462,12100
RCL,10/10/2007 00:00:00,26.9499,27.7574,26.748,27.7574,18400
RCL,10/11/2007 00:00:00,29.4733,29.7761,28.2621,29.7761,32300
RCL,10/12/2007 00:00:00,32.2995,32.35,30.7855,32.35,22000
RCL,10/15/2007 00:00:00,35.3781,35.3781,33.2079,35.3781,15300
RCL,10/16/2007 00:00:00,38.8099,38.82,38.2547,38.82,40000
RCL,10/17/2007 00:00:00,41.8884,42.5546,34.8229,36.4379,19300
RCL,10/18/2007 00:00:00,35.3276,37.3463,34.8229,35.8323,25100
RCL,10/19/2007 00:00:00,37.3463,38.8704,34.51,38.8704,28800
RCL,10/22/2007 00:00:00,38.7594,40.3744,38.3456,39.5669,31400
RCL,10/23/2007 00:00:00,40.2735,40.8791,39.1733,39.7688,22200
RCL,10/24/2007 00:00:00,40.2735,40.8185,39.8697,40.2735,25100
RCL,10/25/2007 00:00:00,40.3744,40.6772,39.5669,39.5669,34500
RCL,10/26/2007 00:00:00,36.3168,39.5669,36.3168,36.8416,29400
RCL,10/29/2007 00:00:00,35.3074,35.8323,33.5309,34.3182,14800
RCL,10/30/2007 00:00:00,34.3182,34.722,32.8042,34.0154,14100
RCL,10/31/2007 00:00:00,34.076,37.4775,34.0659,36.3369,25300
RCL,11/1/2007 00:00:00,38.3557,38.8603,37.3463,38.3557,22100
RCL,11/2/2007 00:00:00,38.3557,38.3557,35.7313,36.3369,13300
RCL,11/5/2007 00:00:00,33.7025,36.7306,33.7025,36.1351,10800
RCL,11/6/2007 00:00:00,36.1149,36.3269,35.3276,36.236,13200
RCL,11/7/2007 00:00:00,36.4379,36.5388,36.0341,36.0341,6600
RCL,11/8/2007 00:00:00,36.3369,36.4379,35.8323,35.8323,7700
RCL,11/9/2007 00:00:00,36.125,36.1351,34.3182,36.014,7900
RCL,11/12/2007 00:00:00,35.8323,36.1149,34.5201,34.6412,7300
RCL,11/13/2007 00:00:00,34.621,34.621,31.6939,31.6939,21500
RCL,11/14/2007 00:00:00,32.2995,35.2267,32.2995,34.5201,15300
RCL,11/15/2007 00:00:00,35.3276,35.3276,32.2995,34.3182,2800
RCL,11/16/2007 00:00:00,33.3593,34.3182,33.1978,33.8135,12400
RCL,11/19/2007 00:00:00,33.9145,34.4192,33.9145,34.4192,3300
RCL,11/20/2007 00:00:00,34.3182,34.621,33.6117,33.9246,3400
RCL,11/21/2007 00:00:00,34.5201,34.5201,33.3391,33.9145,9100
RCL,11/22/2007 00:00:00,34.2173,34.8229,33.8842,33.8842,7300
RCL,11/23/2007 00:00:00,34.3182,34.8229,34.3182,34.3182,11200
RCL,11/26/2007 00:00:00,35.3276,35.3276,34.4293,34.5504,5300
RCL,11/27/2007 00:00:00,34.8229,34.8229,34.3788,34.4192,6000
RCL,11/28/2007 00:00:00,34.4192,34.7724,34.3384,34.7119,4000
RCL,11/29/2007 00:00:00,34.4192,34.9238,34.4192,34.5706,8100
RCL,11/30/2007 00:00:00,34.6715,34.9238,34.621,34.9238,5000
RCL,12/3/2007 00:00:00,34.5807,35.3276,34.5807,34.944,4300
RCL,12/4/2007 00:00:00,35.2166,36.125,35.1257,35.1257,10800
RCL,12/5/2007 00:00:00,35.8323,36.3369,34.4192,34.4696,6800
RCL,12/6/2007 00:00:00,34.4192,35.2267,34.4192,35.2267,2300
RCL,12/7/2007 00:00:00,34.8229,34.8229,34.5201,34.621,5900
RCL,12/10/2007 00:00:00,34.621,34.8229,33.8135,33.8135,2200
RCL,12/11/2007 00:00:00,32.9051,33.3089,32.9051,33.0061,8500
RCL,12/12/2007 00:00:00,32.7033,33.5107,32.7033,33.3291,4400
RCL,12/13/2007 00:00:00,33.3089,33.3089,33.3089,33.3089,100
RCL,12/14/2007 00:00:00,33.7126,33.7126,33.7126,33.7126,200
RCL,12/17/2007 00:00:00,33.107,33.3089,33.107,33.3089,300
RCL,12/18/2007 00:00:00,30.2707,33.3089,30.2707,32.5014,3100
RCL,12/19/2007 00:00:00,32.4004,34.1164,32.4004,33.6117,11100
RCL,12/20/2007 00:00:00,32.0976,33.3089,32.0976,32.7033,4600
RCL,12/21/2007 00:00:00,32.4004,32.8042,32.4004,32.5014,3200
RCL,12/24/2007 00:00:00,31.7948,31.8958,31.7948,31.8049,1400
RCL,12/25/2007 00:00:00,31.7948,32.2995,31.7948,32.2995,2300
RCL,12/26/2007 00:00:00,32.5014,32.8042,32.5014,32.8042,600
RCL,12/27/2007 00:00:00,31.7948,31.7948,31.7948,31.7948,500
RCL,12/28/2007 00:00:00,31.7948,32.0068,31.7948,31.8958,1700
RCL,1/2/2008 00:00:00,31.7948,32.2995,31.7948,32.2995,600
RCL,1/3/2008 00:00:00,30.7855,31.2902,30.7855,31.2902,1300
RCL,1/7/2008 00:00:00,29.4733,30.3111,29.4733,30.2808,2400
RCL,1/8/2008 00:00:00,29.3219,30.5836,29.3219,29.3219,5100
RCL,1/9/2008 00:00:00,27.8583,30.0688,27.8583,29.1705,3400
RCL,1/10/2008 00:00:00,27.7574,28.252,27.7574,28.252,2000
RCL,1/11/2008 00:00:00,26.2434,28.6658,26.2434,26.2434,6200
RCL,1/14/2008 00:00:00,24.7293,26.4957,24.7293,24.7293,1900
RCL,1/15/2008 00:00:00,23.2556,23.6291,23.2556,23.2556,7300
RCL,1/16/2008 00:00:00,23.72,25.7084,23.72,25.7084,11400
RCL,1/17/2008 00:00:00,22.7106,26.2434,22.7106,25.0321,5300
RCL,1/18/2008 00:00:00,24.4467,25.4359,24.4467,24.4467,4400
RCL,1/21/2008 00:00:00,24.4265,24.6284,24.4265,24.6284,2400
RCL,1/22/2008 00:00:00,24.3256,24.3256,24.1237,24.3256,5100
RCL,1/23/2008 00:00:00,24.2145,24.2145,22.327,23.2153,3600
RCL,1/24/2008 00:00:00,22.9125,23.72,22.7106,22.8115,9800
RCL,1/25/2008 00:00:00,23.0134,23.6998,23.0134,23.0134,4500
RCL,1/28/2008 00:00:00,23.2153,23.2153,23.1143,23.2153,2300
RCL,1/29/2008 00:00:00,20.8433,23.72,20.8433,23.4171,6300
RCL,1/30/2008 00:00:00,25.234,25.3147,25.234,25.3147,6100
RCL,1/31/2008 00:00:00,24.2751,25.2845,24.1237,25.234,5000
RCL,2/1/2008 00:00:00,25.7387,26.2434,25.234,25.6377,4800
RCL,2/12/2008 00:00:00,25.8396,25.8396,24.9817,24.9817,1000
RCL,2/13/2008 00:00:00,24.2246,24.2246,24.1237,24.1237,300
RCL,2/14/2008 00:00:00,24.154,24.154,23.2355,24.1237,3200
RCL,2/15/2008 00:00:00,23.8209,23.8209,23.4171,23.4171,2300
RCL,2/18/2008 00:00:00,22.2059,22.7611,21.5095,21.7012,4000
RCL,2/19/2008 00:00:00,21.7012,22.2059,21.7012,21.7012,6800
RCL,2/20/2008 00:00:00,21.8022,21.8022,19.9853,20.1872,10100
RCL,2/21/2008 00:00:00,18.3703,18.3703,18.33,18.33,5600
RCL,2/22/2008 00:00:00,16.6544,17.6638,16.503,17.1591,22700
RCL,2/25/2008 00:00:00,17.1591,18.2694,17.1591,18.2694,9200
RCL,2/26/2008 00:00:00,19.1778,19.1778,16.4526,16.6544,7700
RCL,2/27/2008 00:00:00,17.0582,18.5722,16.3819,17.1591,4300
RCL,2/28/2008 00:00:00,16.6847,17.2096,16.6544,16.8563,7700
RCL,2/29/2008 00:00:00,16.6847,16.715,16.5535,16.6544,5800
RCL,3/3/2008 00:00:00,16.0488,16.0488,14.989,14.989,4600
RCL,3/4/2008 00:00:00,13.6264,13.6264,13.5759,13.5759,5000
RCL,3/5/2008 00:00:00,12.2233,12.7179,12.2233,12.5665,24700
RCL,3/6/2008 00:00:00,13.5052,13.5052,13.5052,13.5052,2300
RCL,3/7/2008 00:00:00,14.8477,14.8477,14.8376,14.8477,33200
RCL,3/10/2008 00:00:00,16.3314,16.3314,13.8282,14.1411,18400
RCL,3/11/2008 00:00:00,14.3632,14.3632,14.2623,14.2623,1900
RCL,3/12/2008 00:00:00,14.3127,14.4338,14.0301,14.2824,6400
RCL,3/13/2008 00:00:00,14.232,14.232,13.1217,13.7273,11300
RCL,3/14/2008 00:00:00,13.1217,13.6264,13.1217,13.6264,1700
RCL,3/17/2008 00:00:00,12.3142,12.3142,12.1325,12.1325,6700
RCL,3/18/2008 00:00:00,11.103,11.103,10.9516,10.9516,16100
RCL,3/19/2008 00:00:00,12.0114,12.0114,9.87154,9.87154,13300
RCL,3/20/2008 00:00:00,10.0936,10.245,9.4577,9.4577,12100
RCL,3/21/2008 00:00:00,9.08424,9.08424,8.57956,8.57956,14100
RCL,3/24/2008 00:00:00,7.74179,7.77207,7.74179,7.74179,6800
RCL,3/25/2008 00:00:00,6.98477,6.98477,6.98477,6.98477,5900
RCL,3/26/2008 00:00:00,6.28831,7.26739,6.28831,6.96458,10600
RCL,3/27/2008 00:00:00,7.10589,7.10589,7.10589,7.10589,10500
RCL,3/28/2008 00:00:00,7.2472,7.2472,7.2472,7.2472,30100
RCL,3/31/2008 00:00:00,7.38851,7.38851,7.38851,7.38851,500
RCL,4/1/2008 00:00:00,7.52982,7.52982,7.52982,7.52982,100
RCL,4/2/2008 00:00:00,7.67113,7.67113,7.67113,7.67113,600
RCL,4/3/2008 00:00:00,7.82254,7.82254,7.82254,7.82254,100
RCL,4/4/2008 00:00:00,7.97394,7.97394,7.97394,7.97394,100
RCL,4/7/2008 00:00:00,8.20609,8.20609,8.20609,8.20609,400
RCL,4/8/2008 00:00:00,8.44834,8.44834,7.96385,8.44834,60100
RCL,4/9/2008 00:00:00,8.37769,8.37769,8.01432,8.01432,17900
RCL,4/10/2008 00:00:00,7.87301,7.87301,7.86291,7.87301,600
RCL,4/11/2008 00:00:00,7.64085,7.64085,7.64085,7.64085,100
RCL,4/16/2008 00:00:00,7.41879,7.46926,7.41879,7.41879,10000
RCL,4/17/2008 00:00:00,7.19673,7.64085,7.19673,7.64085,16100
RCL,4/18/2008 00:00:00,7.6138,7.6138,7.29613,7.53182,9500
RCL,4/21/2008 00:00:00,7.37811,7.37811,7.37811,7.37811,3100
RCL,4/22/2008 00:00:00,7.20391,7.20391,7.19366,7.19366,2500
RCL,4/23/2008 00:00:00,6.97846,6.97846,6.97846,6.97846,1700
RCL,4/24/2008 00:00:00,6.77352,6.81451,6.77352,6.77352,9700
RCL,4/25/2008 00:00:00,6.58906,6.59931,6.58906,6.58906,4400
RCL,4/28/2008 00:00:00,6.58906,6.60956,6.58906,6.60956,1800
RCL,4/29/2008 00:00:00,6.67104,6.67104,6.6608,6.6608,1100
RCL,5/5/2008 00:00:00,6.6608,6.6608,6.47634,6.47634,600
RCL,5/6/2008 00:00:00,6.31238,6.31238,6.31238,6.31238,500
RCL,5/7/2008 00:00:00,6.12793,6.12793,6.12793,6.12793,700
RCL,5/8/2008 00:00:00,5.95373,5.95373,5.95373,5.95373,100
RCL,5/9/2008 00:00:00,5.77952,5.77952,5.77952,5.77952,700
RCL,5/12/2008 00:00:00,5.61556,5.61556,5.61556,5.61556,5700
RCL,5/13/2008 00:00:00,5.4516,5.4516,5.4516,5.4516,300
RCL,5/15/2008 00:00:00,5.29789,5.29789,5.29789,5.29789,300
RCL,5/16/2008 00:00:00,5.14418,5.14418,5.14418,5.14418,8700
RCL,5/19/2008 00:00:00,4.99047,4.99047,4.99047,4.99047,1500
RCL,5/20/2008 00:00:00,4.84701,4.84701,4.84701,4.84701,200
RCL,5/21/2008 00:00:00,4.70355,4.70355,4.70355,4.70355,200
RCL,5/23/2008 00:00:00,4.57033,4.57033,4.57033,4.57033,300
RCL,5/27/2008 00:00:00,4.43711,4.43711,4.43711,4.43711,100
RCL,5/28/2008 00:00:00,4.31415,4.31415,4.31415,4.31415,1100
RCL,5/29/2008 00:00:00,4.19118,4.20143,4.19118,4.19118,10400
RCL,5/30/2008 00:00:00,4.06821,4.06821,4.06821,4.06821,3000
RCL,6/2/2008 00:00:00,3.95549,3.95549,3.95549,3.95549,300
RCL,6/3/2008 00:00:00,3.84277,3.84277,3.84277,3.84277,100
RCL,6/4/2008 00:00:00,3.73005,3.73005,3.73005,3.73005,100
RCL,6/5/2008 00:00:00,3.62757,3.62757,3.62757,3.62757,900
RCL,6/6/2008 00:00:00,3.5251,3.61732,3.5251,3.5251,19000
RCL,6/9/2008 00:00:00,3.43287,3.48411,3.43287,3.43287,7200
RCL,6/10/2008 00:00:00,3.3304,3.53535,3.3304,3.53535,8600
RCL,6/11/2008 00:00:00,3.44312,3.44312,3.44312,3.44312,1000
RCL,6/12/2008 00:00:00,3.54559,3.54559,3.54559,3.54559,400
RCL,6/13/2008 00:00:00,3.64807,3.64807,3.64807,3.64807,500
RCL,6/16/2008 00:00:00,3.75054,3.75054,3.75054,3.75054,100
RCL,6/17/2008 00:00:00,3.85301,3.85301,3.85301,3.85301,300
RCL,6/18/2008 00:00:00,3.96574,3.96574,3.74029,3.74029,10800
RCL,6/19/2008 00:00:00,3.77103,3.77103,3.77103,3.77103,3700
RCL,6/20/2008 00:00:00,3.62757,3.62757,3.62757,3.62757,100
RCL,6/23/2008 00:00:00,3.77103,3.77103,3.77103,3.77103,800
RCL,6/24/2008 00:00:00,3.9145,3.9145,3.9145,3.9145,300
RCL,6/25/2008 00:00:00,4.05796,4.06821,4.05796,4.06821,1600
RCL,6/26/2008 00:00:00,4.22192,4.22192,3.9145,3.9145,3000
RCL,6/27/2008 00:00:00,4.3039,4.33464,4.3039,4.33464,1600
RCL,6/30/2008 00:00:00,4.16044,4.48835,4.16044,4.48835,11100
RCL,7/1/2008 00:00:00,4.65231,4.65231,4.65231,4.65231,300
RCL,7/2/2008 00:00:00,4.83676,4.83676,4.65231,4.83676,16600
RCL,7/3/2008 00:00:00,5.01097,5.02121,5.01097,5.02121,10300
RCL,7/4/2008 00:00:00,5.21592,5.21592,5.21592,5.21592,1200
RCL,7/7/2008 00:00:00,5.42086,5.42086,5.01097,5.12369,14500
RCL,7/8/2008 00:00:00,5.0827,5.28765,5.0827,5.28765,2800
RCL,7/9/2008 00:00:00,5.32864,5.32864,5.32864,5.32864,5600
RCL,7/10/2008 00:00:00,5.53358,5.53358,5.53358,5.53358,7000
RCL,7/11/2008 00:00:00,5.74878,5.74878,5.74878,5.74878,6200
RCL,7/14/2008 00:00:00,5.97422,5.97422,5.97422,5.97422,200
RCL,7/15/2008 00:00:00,6.20991,6.20991,6.20991,6.20991,300
RCL,7/16/2008 00:00:00,6.45585,6.45585,5.96397,6.45585,20500
RCL,7/17/2008 00:00:00,6.68129,6.68129,6.68129,6.68129,1300
RCL,7/18/2008 00:00:00,6.94772,6.94772,6.72228,6.72228,16400
RCL,7/21/2008 00:00:00,6.6608,6.6608,6.6608,6.6608,2000
RCL,7/22/2008 00:00:00,6.39436,6.39436,6.39436,6.39436,100
RCL,7/23/2008 00:00:00,6.14843,6.14843,6.14843,6.14843,600
RCL,7/24/2008 00:00:00,5.90249,6.39436,5.90249,5.90249,29400
RCL,7/25/2008 00:00:00,5.77952,5.90249,5.76927,5.90249,3400
RCL,7/28/2008 00:00:00,5.56433,6.01521,5.56433,6.01521,5000
RCL,7/29/2008 00:00:00,6.02546,6.02546,6.02546,6.02546,4000
RCL,7/30/2008 00:00:00,6.26115,6.26115,6.2509,6.26115,20000
RCL,7/31/2008 00:00:00,6.50708,6.50708,6.40461,6.50708,11200
RCL,8/1/2008 00:00:00,6.76327,6.76327,6.76327,6.76327,200
RCL,8/4/2008 00:00:00,7.0297,7.0297,7.0297,7.0297,12700
RCL,8/5/2008 00:00:00,6.80426,7.30638,6.80426,6.91698,39900
RCL,8/6/2008 00:00:00,6.86574,7.33712,6.86574,7.33712,33500
RCL,8/7/2008 00:00:00,7.49083,7.58306,7.49083,7.58306,42700
RCL,8/8/2008 00:00:00,7.8734,7.8734,7.8734,7.8734,1900
RCL,8/11/2008 00:00:00,8.18082,8.18082,8.18082,8.18082,1000
RCL,8/12/2008 00:00:00,8.50532,8.50532,8.50532,8.50532,5000
RCL,8/13/2008 00:00:00,8.82982,8.82982,8.82982,8.82982,1200
RCL,8/14/2008 00:00:00,9.1714,9.1714,9.1714,9.1714,2000
RCL,8/15/2008 00:00:00,9.53006,9.53006,9.53006,9.53006,300
RCL,8/18/2008 00:00:00,10.1961,10.1961,10.162,10.1961,17100
RCL,8/19/2008 00:00:00,10.8964,10.8964,10.7256,10.8964,58300
RCL,8/20/2008 00:00:00,11.6137,11.6308,10.4694,11.6308,20800
RCL,8/21/2008 00:00:00,12.1944,12.2115,12.1944,12.2115,6400
RCL,8/22/2008 00:00:00,13.0312,13.0312,13.0312,13.0312,1000
RCL,8/25/2008 00:00:00,13.9364,13.9364,13.9364,13.9364,5100
RCL,8/26/2008 00:00:00,14.9099,14.9099,14.9099,14.9099,900
RCL,8/27/2008 00:00:00,15.9518,15.9518,14.927,15.9347,18200
RCL,8/28/2008 00:00:00,15.8834,15.8834,14.8245,14.8245,12200
RCL,8/29/2008 00:00:00,13.9023,15.0295,13.9023,15.0295,27700
RCL,9/3/2008 00:00:00,15.0295,15.0295,14.8587,15.0295,21000
RCL,9/4/2008 00:00:00,15.8834,15.8834,14.0047,14.1755,9800
RCL,9/5/2008 00:00:00,13.9194,13.9194,13.8852,13.8852,900
RCL,9/8/2008 00:00:00,12.9459,12.9459,12.9459,12.9459,700
RCL,9/9/2008 00:00:00,12.0407,12.8092,12.0407,12.0407,23400
RCL,9/10/2008 00:00:00,11.255,12.0407,11.255,11.255,12700
RCL,9/11/2008 00:00:00,10.589,11.1013,10.5719,10.5719,6800
RCL,9/12/2008 00:00:00,9.9058,9.9058,9.9058,9.9058,3900
RCL,9/15/2008 00:00:00,9.22264,10.5548,9.22264,9.73501,37700
RCL,9/16/2008 00:00:00,9.71793,9.71793,8.88106,8.88106,9900
RCL,9/17/2008 00:00:00,9.05185,9.05185,8.30038,8.30038,16800
RCL,9/18/2008 00:00:00,7.75385,7.75385,7.75385,7.75385,4900
RCL,9/19/2008 00:00:00,7.2244,8.2833,7.2244,8.2833,31800
RCL,9/22/2008 00:00:00,8.14667,8.14667,8.14667,8.14667,200
RCL,9/23/2008 00:00:00,8.71027,8.71027,7.58306,8.71027,42300
RCL,9/24/2008 00:00:00,8.62488,9.12017,8.1979,8.1979,4900
RCL,9/25/2008 00:00:00,8.23206,9.00061,8.23206,9.00061,27400
RCL,9/26/2008 00:00:00,9.51298,9.51298,8.96646,9.47882,22100
RCL,9/29/2008 00:00:00,9.47882,9.47882,8.88106,9.05185,11400
RCL,10/1/2008 00:00:00,8.59072,9.85456,8.59072,8.62488,26200
RCL,10/2/2008 00:00:00,9.13725,9.13725,8.71027,9.13725,4600
RCL,10/3/2008 00:00:00,8.71027,8.71027,8.45409,8.53948,5700
RCL,10/6/2008 00:00:00,7.94172,7.94172,7.94172,7.94172,4000
RCL,10/7/2008 00:00:00,7.39519,7.39519,7.39519,7.39519,7000
RCL,10/8/2008 00:00:00,6.88282,7.51474,6.88282,6.88282,10900
RCL,10/9/2008 00:00:00,6.40461,7.17316,6.40461,6.6608,10600
RCL,10/10/2008 00:00:00,6.08011,6.08011,6.08011,6.08011,5300
RCL,10/13/2008 00:00:00,5.67022,6.31922,5.67022,5.96056,8000
RCL,10/14/2008 00:00:00,6.35337,6.35337,6.35337,6.35337,100
RCL,10/15/2008 00:00:00,6.79743,6.79743,6.6608,6.79743,24300
RCL,10/16/2008 00:00:00,6.81451,6.81451,6.3363,6.52416,7300
RCL,10/17/2008 00:00:00,6.60956,6.69495,6.60956,6.6608,7300
RCL,10/20/2008 00:00:00,6.64372,6.64372,6.40461,6.49001,1600
RCL,10/21/2008 00:00:00,6.93406,6.93406,6.49001,6.83158,2100
RCL,10/22/2008 00:00:00,6.35337,6.67787,6.3363,6.6608,7900
RCL,10/23/2008 00:00:00,6.0118,6.08011,6.0118,6.02887,8000
RCL,10/24/2008 00:00:00,5.72145,5.72145,5.67022,5.68729,2900
RCL,10/27/2008 00:00:00,5.32864,5.34572,5.29448,5.29448,5300
RCL,10/28/2008 00:00:00,4.96998,5.29448,4.9529,5.29448,7700
RCL,10/29/2008 00:00:00,5.43111,5.43111,5.43111,5.43111,10800
RCL,10/30/2008 00:00:00,5.63606,5.80685,5.32864,5.80685,5100
RCL,10/31/2008 00:00:00,5.89224,5.94348,5.63606,5.94348,5900
RCL,11/3/2008 00:00:00,6.14843,6.19966,6.14843,6.19966,13400
RCL,11/4/2008 00:00:00,6.62664,6.62664,6.62664,6.62664,2800
RCL,11/5/2008 00:00:00,7.08777,7.08777,7.08777,7.08777,200
RCL,11/6/2008 00:00:00,7.58306,7.58306,7.17316,7.58306,39700
RCL,11/7/2008 00:00:00,7.51474,7.56598,7.03653,7.03653,19200
RCL,11/10/2008 00:00:00,7.61722,7.61722,7.01945,7.34395,13700
RCL,11/11/2008 00:00:00,6.72911,6.74619,6.72911,6.72911,2600
RCL,11/12/2008 00:00:00,6.26798,6.49001,6.26798,6.49001,15400
RCL,11/13/2008 00:00:00,6.37045,6.81451,6.37045,6.40461,6800
RCL,11/14/2008 00:00:00,6.74619,6.74619,6.6608,6.6608,2800
RCL,11/17/2008 00:00:00,6.37045,6.37045,6.3363,6.3363,2200
RCL,11/18/2008 00:00:00,6.35337,6.35337,5.99472,6.31922,4000
RCL,11/19/2008 00:00:00,6.16551,6.16551,6.04595,6.04595,9800
RCL,11/20/2008 00:00:00,5.75561,5.75561,5.68729,5.72145,6100
RCL,11/21/2008 00:00:00,5.96056,5.96056,5.96056,5.96056,300
RCL,11/24/2008 00:00:00,5.80685,5.80685,5.80685,5.80685,300
RCL,11/25/2008 00:00:00,5.80685,5.80685,5.41403,5.72145,5700
RCL,11/26/2008 00:00:00,5.29448,5.37987,5.29448,5.29448,4400
RCL,11/27/2008 00:00:00,5.08953,5.17493,4.96998,4.96998,10900
RCL,11/28/2008 00:00:00,5.29448,5.41403,5.29448,5.41403,1500
RCL,12/1/2008 00:00:00,5.78977,5.78977,5.12369,5.17493,17000
RCL,12/2/2008 00:00:00,4.9529,5.03829,4.8675,5.03829,12400
RCL,12/3/2008 00:00:00,5.12369,5.29448,4.9529,5.10661,6400
RCL,12/4/2008 00:00:00,5.12369,5.29448,5.12369,5.14077,5500
RCL,12/5/2008 00:00:00,4.8675,5.10661,4.78211,4.9529,5400
RCL,12/8/2008 00:00:00,4.67964,4.67964,4.543,4.543,10800
RCL,12/9/2008 00:00:00,4.35514,4.69671,4.35514,4.61132,7000
RCL,12/10/2008 00:00:00,4.45298,4.52394,4.45298,4.47072,3400
RCL,12/11/2008 00:00:00,4.70135,4.80779,4.70135,4.80779,7400
RCL,12/12/2008 00:00:00,4.96746,5.10939,4.47072,5.10939,20200
RCL,12/15/2008 00:00:00,5.32228,5.35776,5.05617,5.35776,24800
RCL,12/16/2008 00:00:00,5.35776,5.35776,4.96746,4.9852,9900
RCL,12/17/2008 00:00:00,4.96746,5.23358,4.93198,5.23358,4200
RCL,12/18/2008 00:00:00,5.23358,5.30454,5.10939,5.30454,6400
RCL,12/19/2008 00:00:00,5.14487,5.53517,5.14487,5.41099,8600
RCL,12/22/2008 00:00:00,5.6771,5.73032,5.35776,5.5884,14500
RCL,12/23/2008 00:00:00,5.3755,5.3755,5.19809,5.23358,6800
RCL,12/24/2008 00:00:00,5.30454,5.30454,5.02069,5.2868,2700
RCL,12/25/2008 00:00:00,5.26906,5.5884,5.26906,5.2868,3200
RCL,12/26/2008 00:00:00,5.14487,5.57065,5.14487,5.41099,1100
RCL,12/29/2008 00:00:00,5.32228,5.32228,5.14487,5.14487,3000
RCL,12/30/2008 00:00:00,5.41099,5.41099,5.32228,5.32228,2900
RCL,12/31/2008 00:00:00,5.32228,5.32228,5.30454,5.32228,600
RCL,1/2/2009 00:00:00,5.23358,5.30454,5.14487,5.14487,1300
RCL,1/5/2009 00:00:00,4.87876,5.32228,4.87876,5.25132,5000
RCL,1/6/2009 00:00:00,4.96746,5.41099,4.96746,5.41099,3100
RCL,1/7/2009 00:00:00,5.2868,5.64162,5.2868,5.49969,19300
RCL,1/8/2009 00:00:00,5.49969,5.49969,5.32228,5.41099,7100
RCL,1/9/2009 00:00:00,5.41099,5.41099,5.41099,5.41099,1100
RCL,1/12/2009 00:00:00,5.42873,5.42873,5.35776,5.35776,5400
RCL,1/13/2009 00:00:00,5.32228,5.41099,5.32228,5.32228,6300
RCL,1/14/2009 00:00:00,5.41099,5.41099,5.35776,5.41099,5700
RCL,1/15/2009 00:00:00,5.32228,5.41099,5.32228,5.41099,11200
RCL,1/16/2009 00:00:00,5.32228,5.41099,5.32228,5.41099,5200
RCL,1/19/2009 00:00:00,5.32228,5.41099,5.23358,5.23358,8500
RCL,1/20/2009 00:00:00,5.32228,5.32228,5.19809,5.23358,1600
RCL,1/21/2009 00:00:00,5.23358,5.32228,5.23358,5.32228,4500
RCL,1/22/2009 00:00:00,5.18035,5.19809,5.18035,5.19809,700
RCL,1/23/2009 00:00:00,5.35776,5.35776,5.35776,5.35776,200
RCL,2/2/2009 00:00:00,5.62388,5.62388,5.2868,5.2868,600
RCL,2/3/2009 00:00:00,5.09165,5.10939,5.05617,5.10939,4000
RCL,2/4/2009 00:00:00,5.32228,5.32228,5.32228,5.32228,100
RCL,2/5/2009 00:00:00,5.05617,5.09165,4.9852,5.09165,11200
RCL,2/6/2009 00:00:00,5.14487,5.2868,5.14487,5.2868,600
RCL,2/9/2009 00:00:00,5.48195,5.48195,5.14487,5.23358,4300
RCL,2/10/2009 00:00:00,5.09165,5.10939,5.09165,5.09165,2300
RCL,2/11/2009 00:00:00,5.09165,5.14487,5.05617,5.14487,8600
RCL,2/12/2009 00:00:00,5.32228,5.35776,5.18035,5.18035,2600
RCL,2/13/2009 00:00:00,5.30454,5.30454,5.18035,5.18035,2000
RCL,2/16/2009 00:00:00,5.07391,5.23358,5.07391,5.14487,2300
RCL,2/17/2009 00:00:00,4.9852,5.14487,4.9852,5.12713,8300
RCL,2/18/2009 00:00:00,5.03843,5.07391,5.03843,5.05617,12500
RCL,2/19/2009 00:00:00,5.07391,5.07391,4.9852,5.05617,2800
RCL,2/20/2009 00:00:00,4.96746,4.96746,4.8965,4.96746,2800
RCL,2/23/2009 00:00:00,4.70135,4.70135,4.61264,4.63038,6800
RCL,2/24/2009 00:00:00,4.61264,4.94972,4.36427,4.94972,2200
RCL,2/25/2009 00:00:00,4.75457,4.75457,4.75457,4.75457,3700
RCL,2/26/2009 00:00:00,4.75457,4.75457,4.75457,4.75457,4700
RCL,2/27/2009 00:00:00,4.94972,4.9852,4.94972,4.94972,2800
RCL,3/2/2009 00:00:00,5.23358,5.23358,5.23358,5.23358,100
RCL,3/3/2009 00:00:00,4.87876,4.87876,4.87876,4.87876,1700
RCL,3/4/2009 00:00:00,5.14487,5.14487,5.14487,5.14487,100
RCL,3/5/2009 00:00:00,5.49969,5.49969,4.82554,4.82554,1800
RCL,3/6/2009 00:00:00,5.03843,5.03843,4.96746,4.96746,1200
RCL,3/9/2009 00:00:00,5.14487,5.14487,5.12713,5.12713,4400
RCL,3/10/2009 00:00:00,5.14487,5.23358,5.10939,5.10939,5800
RCL,3/11/2009 00:00:00,5.57065,5.57065,5.41099,5.57065,24900
RCL,3/13/2009 00:00:00,5.32228,5.49969,5.32228,5.35776,5100
RCL,3/16/2009 00:00:00,5.3755,5.3755,5.07391,5.07391,700
RCL,3/17/2009 00:00:00,5.39325,5.48195,5.35776,5.48195,6600
RCL,3/18/2009 00:00:00,5.74115,5.77783,5.59441,5.77783,47400
RCL,3/19/2009 00:00:00,5.77783,6.14468,5.42933,5.5027,27200
RCL,3/20/2009 00:00:00,5.68612,5.68612,5.5027,5.5027,600
RCL,3/23/2009 00:00:00,5.5027,5.59441,5.48436,5.48436,3300
RCL,3/24/2009 00:00:00,5.90623,5.90623,5.68612,5.68612,5300
RCL,3/25/2009 00:00:00,5.86954,5.86954,5.52104,5.52104,6500
RCL,3/26/2009 00:00:00,5.75949,5.75949,5.74115,5.75949,7200
RCL,3/27/2009 00:00:00,5.74115,5.96126,5.5027,5.77783,9400
RCL,3/30/2009 00:00:00,5.42933,5.53938,5.42933,5.53938,1600
RCL,3/31/2009 00:00:00,5.31927,5.5027,5.31927,5.5027,8400
RCL,4/1/2009 00:00:00,5.5027,5.72281,5.5027,5.5027,7200
RCL,4/2/2009 00:00:00,5.83286,5.9796,5.75949,5.9796,53600
RCL,4/3/2009 00:00:00,6.23639,6.23639,6.23639,6.23639,36100
RCL,4/7/2009 00:00:00,6.65826,6.65826,6.65826,6.65826,4100
RCL,4/8/2009 00:00:00,7.11682,7.11682,6.23639,7.11682,76100
RCL,4/9/2009 00:00:00,7.57538,7.57538,7.17185,7.57538,59000
RCL,4/10/2009 00:00:00,8.05228,8.05228,7.99725,8.05228,44500
RCL,4/13/2009 00:00:00,8.52918,8.58421,8.52918,8.58421,28400
RCL,4/14/2009 00:00:00,8.98774,8.98774,7.97891,8.0156,30900
RCL,4/15/2009 00:00:00,7.64875,7.70378,7.64875,7.64875,27400
RCL,4/16/2009 00:00:00,7.7588,8.10731,7.17185,7.26356,67600
RCL,4/17/2009 00:00:00,7.70378,7.79549,6.95174,6.97008,29700
RCL,4/20/2009 00:00:00,6.74998,6.74998,6.74998,6.74998,5600
RCL,4/21/2009 00:00:00,6.29142,6.60324,6.29142,6.41981,23600
RCL,4/22/2009 00:00:00,6.76832,6.76832,6.73163,6.76832,30500
RCL,4/23/2009 00:00:00,7.02511,7.02511,6.47484,6.69495,10000
RCL,4/24/2009 00:00:00,6.86003,6.86003,6.40147,6.69495,18100
RCL,4/27/2009 00:00:00,6.82335,7.0618,6.63992,6.87837,28200
RCL,4/28/2009 00:00:00,7.04345,7.15351,6.9334,7.15351,6000
RCL,4/29/2009 00:00:00,7.48367,7.48367,7.30025,7.48367,48500
RCL,5/4/2009 00:00:00,7.94223,7.94223,7.94223,7.94223,21100
RCL,5/5/2009 00:00:00,8.4925,8.4925,8.4925,8.4925,24600
RCL,5/6/2009 00:00:00,9.07945,9.07945,7.99725,8.34576,123500
RCL,5/7/2009 00:00:00,9.00608,9.15282,8.67592,8.80432,40600
RCL,5/8/2009 00:00:00,8.34576,8.62089,8.30907,8.52918,8400
RCL,5/11/2009 00:00:00,8.62089,8.62089,8.25405,8.25405,28500
RCL,5/12/2009 00:00:00,8.25405,8.95105,8.25405,8.93271,55200
RCL,5/13/2009 00:00:00,9.17116,9.26287,8.80432,8.89603,24400
RCL,5/14/2009 00:00:00,8.34576,8.87769,8.34576,8.54752,29300
RCL,5/15/2009 00:00:00,8.7126,8.9694,8.43747,8.95105,65900
RCL,5/18/2009 00:00:00,8.89603,8.89603,8.56587,8.80432,10400
RCL,5/19/2009 00:00:00,9.17116,9.17116,8.89603,8.98774,23100
RCL,5/20/2009 00:00:00,8.7126,8.98774,8.7126,8.80432,20800
RCL,5/21/2009 00:00:00,8.54752,9.42796,8.54752,9.35459,71000
RCL,5/22/2009 00:00:00,9.09779,9.53801,8.91437,9.18951,19800
RCL,5/25/2009 00:00:00,9.50132,9.75812,9.50132,9.75812,40300
RCL,5/26/2009 00:00:00,9.72143,9.72143,9.07945,9.53801,29200
RCL,5/27/2009 00:00:00,10.1066,10.1066,9.18951,9.4463,24300
RCL,5/28/2009 00:00:00,9.26287,9.26287,8.80432,8.80432,25200
RCL,5/29/2009 00:00:00,8.93271,9.53801,8.91437,9.4463,41900
RCL,6/1/2009 00:00:00,9.53801,9.83149,9.53801,9.83149,51500
RCL,6/2/2009 00:00:00,10.4551,10.4551,10.0883,10.3818,48900
RCL,6/3/2009 00:00:00,10.3084,11.0054,9.90486,10.6385,43000
RCL,6/4/2009 00:00:00,11.0054,11.0971,10.6385,11.0971,22200
RCL,6/5/2009 00:00:00,11.8308,11.8308,11.8308,11.8308,14200
RCL,6/8/2009 00:00:00,12.6562,12.6562,12.6562,12.6562,18700
RCL,6/9/2009 00:00:00,13.5366,13.5366,13.3899,13.5366,102300
RCL,6/10/2009 00:00:00,14.1236,14.4354,12.6562,13.4816,41900
RCL,6/11/2009 00:00:00,13.5733,13.9769,13.5733,13.9769,32100
RCL,6/12/2009 00:00:00,14.7656,14.8756,13.9035,14.307,59600
RCL,6/15/2009 00:00:00,15.3525,15.3525,13.7567,14.3254,62300
RCL,6/16/2009 00:00:00,13.7567,13.7567,13.4082,13.4082,47000
RCL,6/17/2009 00:00:00,12.6562,13.9769,12.6562,13.8485,49700
RCL,6/18/2009 00:00:00,13.8668,13.8668,13.7567,13.8668,37100
RCL,6/19/2009 00:00:00,14.6739,14.8206,14.307,14.8206,88300
RCL,6/22/2009 00:00:00,15.7194,15.7194,13.665,13.7567,56100
RCL,6/23/2009 00:00:00,13.4082,14.3987,13.4082,13.4266,62000
RCL,6/24/2009 00:00:00,13.665,14.6188,13.665,14.6188,25500
RCL,6/25/2009 00:00:00,15.0407,15.591,13.8668,13.8668,16000
RCL,6/26/2009 00:00:00,14.8573,14.8573,13.7934,14.307,16800
RCL,6/29/2009 00:00:00,14.307,14.4721,13.7567,13.7567,8200
RCL,6/30/2009 00:00:00,13.8485,13.8485,12.9864,13.1881,20000
RCL,7/1/2009 00:00:00,12.1976,12.326,12.1976,12.216,19000
RCL,7/2/2009 00:00:00,12.4728,12.4728,11.5557,12.4544,9200
RCL,7/3/2009 00:00:00,11.3722,11.9225,11.3722,11.9225,15400
RCL,7/6/2009 00:00:00,12.4911,12.5095,12.4911,12.5095,6200
RCL,7/7/2009 00:00:00,13.3349,13.3349,12.4728,12.5645,9300
RCL,7/8/2009 00:00:00,12.5645,13.5,12.5645,13.5,34000
RCL,7/9/2009 00:00:00,14.0869,14.0869,14.0869,14.0869,6300
RCL,7/10/2009 00:00:00,15.059,15.059,14.1052,14.3987,65900
RCL,7/13/2009 00:00:00,13.555,13.5733,13.5366,13.5366,21700
RCL,7/14/2009 00:00:00,13.5733,13.5733,12.6012,12.6012,22200
RCL,7/15/2009 00:00:00,13.3899,13.3899,12.8029,13.0231,4800
RCL,7/16/2009 00:00:00,13.2065,13.2248,12.6562,12.6562,20500
RCL,7/17/2009 00:00:00,12.8396,12.8396,12.6562,12.6562,4900
RCL,7/20/2009 00:00:00,12.1059,12.6195,12.1059,12.6195,4100
RCL,7/21/2009 00:00:00,12.4728,12.4728,12.0326,12.1976,5700
RCL,7/22/2009 00:00:00,12.8396,12.8396,12.326,12.4728,6300
RCL,7/23/2009 00:00:00,12.4728,13.0964,12.4728,13.0964,5100
RCL,7/24/2009 00:00:00,13.7384,13.7384,13.5733,13.7384,46700
RCL,7/27/2009 00:00:00,13.8485,14.307,13.665,13.7567,12700
RCL,7/28/2009 00:00:00,13.2065,13.2065,12.8947,13.0231,4600
RCL,7/29/2009 00:00:00,13.0231,13.0231,12.4728,12.6562,31400
RCL,7/30/2009 00:00:00,12.1243,12.4728,12.1059,12.271,13300
RCL,7/31/2009 00:00:00,12.3077,12.8396,12.3077,12.4728,18900
RCL,8/3/2009 00:00:00,11.6107,12.6562,11.6107,12.6562,6400
RCL,8/4/2009 00:00:00,12.326,12.3627,12.2894,12.3627,4200
RCL,8/5/2009 00:00:00,12.3077,12.7296,12.3077,12.7296,11000
RCL,8/6/2009 00:00:00,12.8213,13.1148,12.6562,12.8396,19100
RCL,8/7/2009 00:00:00,12.8396,12.8396,12.7479,12.7479,2400
RCL,8/10/2009 00:00:00,12.2343,13.2065,12.2343,13.0414,22100
RCL,8/11/2009 00:00:00,12.7479,13.1331,12.6012,13.1331,8500
RCL,8/12/2009 00:00:00,13.1881,13.5733,13.0231,13.3899,22400
RCL,8/13/2009 00:00:00,13.9402,14.1236,13.2065,13.2065,22900
RCL,8/14/2009 00:00:00,13.5733,13.5733,13.1331,13.3899,12400
RCL,8/17/2009 00:00:00,13.2615,13.2615,13.1331,13.1331,4100
RCL,8/18/2009 00:00:00,12.9313,13.2065,12.8396,13.1881,8700
RCL,8/19/2009 00:00:00,13.1881,13.3165,13.1148,13.3165,14400
RCL,8/20/2009 00:00:00,13.2982,13.2982,13.0231,13.2065,22700
RCL,8/21/2009 00:00:00,13.3899,13.3899,13.0597,13.1698,9000
RCL,8/24/2009 00:00:00,13.5733,13.5733,13.0414,13.2065,9600
RCL,8/25/2009 00:00:00,13.0231,13.0231,12.2894,12.8396,11300
RCL,8/26/2009 00:00:00,13.0231,13.0231,12.8396,13.0047,12000
RCL,8/27/2009 00:00:00,12.9313,12.9313,12.7479,12.8396,27900
RCL,8/28/2009 00:00:00,12.4728,13.2065,12.4728,13.1148,29700
RCL,8/31/2009 00:00:00,13.5183,13.5733,13.2065,13.4449,16500
RCL,9/1/2009 00:00:00,13.1148,13.3899,13.0231,13.2982,6500
RCL,9/3/2009 00:00:00,12.4728,13.7384,12.4728,13.2065,7500
RCL,9/4/2009 00:00:00,12.858,13.2065,12.8029,12.8396,19400
RCL,9/7/2009 00:00:00,13.1148,13.1148,12.6562,12.9313,13600
RCL,9/8/2009 00:00:00,12.9497,13.2982,12.9497,13.2982,18500
RCL,9/9/2009 00:00:00,13.5733,13.5733,13.1698,13.1881,5200
RCL,9/10/2009 00:00:00,13.3899,13.3899,13.3349,13.3349,6200
RCL,9/11/2009 00:00:00,13.4816,14.252,13.2065,14.252,59900
RCL,9/14/2009 00:00:00,14.7105,14.7105,14.4904,14.7105,39300
RCL,9/15/2009 00:00:00,15.5726,15.646,14.6739,15.4993,54900
RCL,9/16/2009 00:00:00,15.4076,15.4076,14.2153,14.4904,38000
RCL,9/17/2009 00:00:00,14.4904,14.4904,13.7934,14.1236,18900
RCL,9/18/2009 00:00:00,14.0319,14.6555,14.0319,14.5821,13400
RCL,9/21/2009 00:00:00,14.5821,15.2241,14.5821,15.1324,37300
RCL,9/22/2009 00:00:00,14.8573,15.0957,14.7656,14.7839,21800
RCL,9/23/2009 00:00:00,14.8573,15.2241,14.2703,14.2703,26100
RCL,9/24/2009 00:00:00,14.0502,14.2887,13.9402,14.2153,12900
RCL,9/25/2009 00:00:00,13.5733,15.0774,13.5733,15.0774,27700
RCL,9/28/2009 00:00:00,15.0774,15.7377,15.0407,15.4993,104600
RCL,9/29/2009 00:00:00,15.7744,16.5815,15.7744,16.5815,93300
RCL,9/30/2009 00:00:00,17.5169,17.5169,17.4069,17.5169,39200
RCL,10/1/2009 00:00:00,18.3423,18.7092,17.2418,17.9021,96700
RCL,10/2/2009 00:00:00,17.6086,17.6086,16.8199,16.8199,32100
RCL,10/5/2009 00:00:00,15.701,16.8383,15.701,15.9578,73000
RCL,10/6/2009 00:00:00,16.3247,16.5998,15.7744,16.1412,45300
RCL,10/7/2009 00:00:00,17.2418,17.2968,16.6915,17.1501,57800
RCL,10/8/2009 00:00:00,17.4252,17.4252,16.9667,17.1501,30600
RCL,10/9/2009 00:00:00,17.3335,17.3335,16.9116,17.2051,68300
RCL,10/12/2009 00:00:00,17.0767,17.7921,17.0767,17.3335,38100
RCL,10/13/2009 00:00:00,17.1501,17.4069,16.5448,16.6915,22300
RCL,10/14/2009 00:00:00,16.6915,16.9667,16.5998,16.9483,41100
RCL,10/15/2009 00:00:00,17.4252,17.4252,16.7832,16.93,24300
RCL,10/16/2009 00:00:00,17.4252,17.4252,16.8749,17.1684,51400
RCL,10/19/2009 00:00:00,17.1501,17.1501,16.5081,16.8016,30300
RCL,10/20/2009 00:00:00,16.8749,17.8287,16.8749,17.7003,47500
RCL,10/21/2009 00:00:00,17.4252,18.4157,17.4252,18.4157,45300
RCL,10/22/2009 00:00:00,19.5162,19.5162,19.2594,19.5162,90000
RCL,10/23/2009 00:00:00,20.8369,20.8369,18.1589,19.3512,59400
RCL,10/26/2009 00:00:00,19.6813,20.1766,18.9843,19.2594,36000
RCL,10/27/2009 00:00:00,19.9931,20.8736,19.6263,20.8736,63400
RCL,10/28/2009 00:00:00,21.9374,21.9741,21.0937,21.8274,62700
RCL,10/29/2009 00:00:00,21.0937,21.4605,20.36,20.9103,47200
RCL,10/30/2009 00:00:00,21.2771,21.3138,20.36,21.002,35300
RCL,11/2/2009 00:00:00,19.6263,19.6263,19.4795,19.4795,26500
RCL,11/3/2009 00:00:00,19.4979,19.4979,18.1406,18.1406,28200
RCL,11/4/2009 00:00:00,17.04,17.8838,17.04,17.04,44200
RCL,11/5/2009 00:00:00,17.1501,18.324,16.6915,17.2418,44000
RCL,11/6/2009 00:00:00,18.5257,18.5257,17.1501,17.2418,23700
RCL,11/9/2009 00:00:00,16.5998,17.4069,16.3247,16.3247,26100
RCL,11/10/2009 00:00:00,15.9578,16.5081,15.2608,15.3158,25800
RCL,11/11/2009 00:00:00,15.7744,16.1412,15.4076,16.0495,24600
RCL,11/12/2009 00:00:00,16.1412,16.93,16.1412,16.93,30400
RCL,11/13/2009 00:00:00,16.5081,17.04,16.5081,16.7465,15800
RCL,11/16/2009 00:00:00,17.2418,17.2418,16.5081,16.6915,11900
RCL,11/17/2009 00:00:00,16.7832,16.7832,16.233,16.2696,18700
RCL,11/18/2009 00:00:00,16.1412,16.8566,15.9578,16.8566,24600
RCL,11/19/2009 00:00:00,16.8749,17.3518,16.8749,17.0584,37100
RCL,11/20/2009 00:00:00,17.0584,17.2418,16.6915,16.7099,27800
RCL,11/23/2009 00:00:00,16.288,16.288,16.1412,16.233,5000
RCL,11/24/2009 00:00:00,16.6915,16.8566,15.646,15.7744,13200
RCL,11/25/2009 00:00:00,15.9578,15.9578,14.8573,14.8573,15300
RCL,11/26/2009 00:00:00,14.0135,14.0502,14.0135,14.0135,22200
RCL,11/27/2009 00:00:00,13.0414,14.0319,13.0414,13.5733,38600
RCL,11/30/2009 00:00:00,13.5733,14.2153,13.2982,14.1603,14000
RCL,12/1/2009 00:00:00,14.8389,14.8389,14.3254,14.4721,12900
RCL,12/2/2009 00:00:00,14.4904,14.4904,13.5,13.5366,5300
RCL,12/3/2009 00:00:00,13.2065,13.5917,13.2065,13.5917,13300
RCL,12/4/2009 00:00:00,13.5733,13.5733,13.2982,13.5733,8600
RCL,12/7/2009 00:00:00,13.5733,13.7567,13.2982,13.665,17500
RCL,12/8/2009 00:00:00,13.6834,13.6834,13.2982,13.2982,10300
RCL,12/9/2009 00:00:00,12.4911,12.6562,12.4911,12.5645,5800
RCL,12/10/2009 00:00:00,12.6562,12.6562,11.9225,11.9225,10600
RCL,12/11/2009 00:00:00,11.5006,11.9225,11.2622,11.2622,21600
RCL,12/14/2009 00:00:00,11.9225,12.1426,11.3722,12.1059,14000
RCL,12/15/2009 00:00:00,11.574,11.9225,11.5557,11.7391,3000
RCL,12/16/2009 00:00:00,11.0237,11.0237,10.877,10.8953,13500
RCL,12/17/2009 00:00:00,10.29,11.0788,10.18,11.0788,11000
RCL,12/18/2009 00:00:00,11.3906,11.5006,11.2072,11.5006,16500
RCL,12/21/2009 00:00:00,12.1793,12.2343,12.1059,12.2343,22700
RCL,12/22/2009 00:00:00,13.0231,13.0597,12.326,12.326,11700
RCL,12/23/2009 00:00:00,12.4728,13.3899,12.4728,13.2065,5400
RCL,12/24/2009 00:00:00,12.8763,13.4266,12.2894,13.4266,10200
RCL,12/25/2009 00:00:00,13.7384,13.8851,13.7201,13.8851,33000
RCL,12/28/2009 00:00:00,13.3899,14.1236,13.3899,13.7017,7400
RCL,12/29/2009 00:00:00,12.8763,13.7934,12.8763,13.2065,17000
RCL,12/30/2009 00:00:00,13.6834,14.2153,13.665,14.1236,13200
RCL,12/31/2009 00:00:00,14.3804,14.5455,14.1236,14.1236,13100
RCL,1/4/2010 00:00:00,14.949,15.3525,14.949,15.3525,16900
RCL,1/5/2010 00:00:00,16.3614,16.3614,16.1229,16.233,32900
RCL,1/6/2010 00:00:00,16.5081,16.5081,15.9578,16.0495,17400
RCL,1/7/2010 00:00:00,16.2146,16.288,15.7744,15.7744,24100
RCL,1/8/2010 00:00:00,16.0495,16.4898,15.0407,15.591,34400
RCL,1/11/2010 00:00:00,16.5081,16.5081,15.1324,15.2241,8000
RCL,1/12/2010 00:00:00,15.4076,15.4076,14.5271,14.5271,30800
RCL,1/13/2010 00:00:00,15.9099,15.9099,14.4135,15.7338,19900
RCL,1/14/2010 00:00:00,15.6458,16.262,15.5578,15.6238,19900
RCL,1/15/2010 00:00:00,15.7338,15.7999,15.4038,15.5138,21100
RCL,1/18/2010 00:00:00,15.4038,15.4038,14.5015,14.5235,24600
RCL,1/19/2010 00:00:00,14.9636,15.5798,14.9636,15.4918,14200
RCL,1/20/2010 00:00:00,15.6238,16.0639,14.9857,15.0077,9100
RCL,1/21/2010 00:00:00,15.4038,15.4038,15.0737,15.0957,20900
RCL,1/22/2010 00:00:00,14.7436,16.0419,14.7436,16.0419,21600
RCL,1/25/2010 00:00:00,15.4038,15.8439,15.2937,15.6458,17500
RCL,1/26/2010 00:00:00,16.7241,16.7241,16.7241,16.7241,2000
RCL,1/27/2010 00:00:00,17.8904,17.8904,17.8904,17.8904,9600
RCL,1/28/2010 00:00:00,19.1227,19.1227,19.0346,19.1227,130100
RCL,1/29/2010 00:00:00,20.355,20.355,18.2645,19.1667,81800
RCL,2/1/2010 00:00:00,19.5408,19.5408,19.1227,19.1667,18100
RCL,2/2/2010 00:00:00,19.2547,19.3647,18.2645,18.4845,10700
RCL,2/3/2010 00:00:00,18.6826,18.6826,17.8243,18.0444,60600
RCL,2/4/2010 00:00:00,18.0884,18.8806,18.0884,18.8586,35300
RCL,2/5/2010 00:00:00,18.7046,18.7046,18.0444,18.4845,8400
RCL,2/8/2010 00:00:00,17.8463,18.3745,17.8243,18.2645,9500
RCL,2/9/2010 00:00:00,18.0444,18.0444,17.3842,17.3842,21200
RCL,2/10/2010 00:00:00,17.9344,17.9344,17.6043,17.6043,10700
RCL,2/11/2010 00:00:00,18.2645,18.2645,17.7143,18.0004,12400
RCL,2/12/2010 00:00:00,18.5725,18.5945,17.8463,18.2645,4100
RCL,2/22/2010 00:00:00,18.2645,18.4845,18.1764,18.2645,4800
RCL,2/23/2010 00:00:00,17.6483,17.6483,17.4062,17.4282,8300
RCL,2/24/2010 00:00:00,17.5163,18.7046,17.2962,18.4405,30100
RCL,2/25/2010 00:00:00,18.6826,18.6826,18.0884,18.1324,5700
RCL,2/26/2010 00:00:00,18.2424,18.2424,18.0444,18.1984,6000
RCL,3/1/2010 00:00:00,18.5725,18.5725,17.8463,18.3965,7200
RCL,3/2/2010 00:00:00,18.0444,18.3745,18.0444,18.1544,6500
RCL,3/3/2010 00:00:00,18.1544,18.4845,18.0884,18.4845,17700
RCL,3/4/2010 00:00:00,18.6826,18.9246,18.5065,18.5065,23100
RCL,3/5/2010 00:00:00,18.9246,19.3647,18.3965,19.0787,26600
RCL,3/8/2010 00:00:00,19.3647,20.2009,19.3647,20.2009,57800
RCL,3/9/2010 00:00:00,20.1789,20.1789,19.3647,19.8048,13100
RCL,3/10/2010 00:00:00,19.5408,19.5408,19.0566,19.0566,600
RCL,3/11/2010 00:00:00,19.4747,19.4747,19.1447,19.1447,3900
RCL,3/12/2010 00:00:00,19.2547,19.4747,19.2107,19.4527,23600
RCL,3/15/2010 00:00:00,20.465,20.641,19.5848,19.5848,37200
RCL,3/16/2010 00:00:00,20.1129,20.1129,18.9246,19.1447,25000
RCL,3/17/2010 00:00:00,19.7608,19.7608,18.8146,18.8586,9700
RCL,3/18/2010 00:00:00,19.5848,19.8048,18.9246,19.3647,7800
RCL,3/19/2010 00:00:00,19.7828,19.7828,18.9466,18.9466,19900
RCL,3/22/2010 00:00:00,19.1442,19.5671,19.0774,19.2555,17600
RCL,3/23/2010 00:00:00,20.2572,20.2572,18.7212,18.9216,2600
RCL,3/24/2010 00:00:00,19.812,19.812,19.0329,19.3668,1200
RCL,3/25/2010 00:00:00,20.0346,20.0346,18.2537,18.365,3300
RCL,3/26/2010 00:00:00,18.6544,18.8102,18.5876,18.6544,7900
RCL,3/29/2010 00:00:00,18.6544,18.877,18.276,18.276,12100
RCL,3/30/2010 00:00:00,18.7657,18.7657,18.2537,18.276,13700
RCL,3/31/2010 00:00:00,18.4763,18.4763,18.1869,18.2537,6900
RCL,4/1/2010 00:00:00,18.6989,18.6989,18.2092,18.3428,6800
RCL,4/2/2010 00:00:00,18.4763,18.6989,18.276,18.5654,19100
RCL,4/5/2010 00:00:00,18.9216,19.812,18.8102,19.812,27200
RCL,4/6/2010 00:00:00,19.812,20.4798,19.3668,19.812,45400
RCL,4/7/2010 00:00:00,20.0346,21.3257,20.0346,21.1476,68300
RCL,4/8/2010 00:00:00,21.1476,21.1699,20.7024,20.925,26200
RCL,4/9/2010 00:00:00,20.4798,20.9473,20.0123,20.2572,29400
RCL,4/12/2010 00:00:00,20.4353,20.925,20.2572,20.6801,47100
RCL,4/13/2010 00:00:00,21.1031,21.5928,20.5911,21.2589,38800
RCL,4/14/2010 00:00:00,21.5928,22.6836,21.5928,22.6836,79500
RCL,4/15/2010 00:00:00,23.3737,24.1751,23.3737,24.1751,42800
RCL,4/16/2010 00:00:00,25.7778,25.7778,24.2641,25.7778,128700
RCL,4/19/2010 00:00:00,26.7128,26.7128,24.4867,25.4884,42900
RCL,4/20/2010 00:00:00,25.4884,25.4884,24.4867,24.7093,40700
RCL,4/21/2010 00:00:00,24.7093,26.4902,24.4867,26.4902,38400
RCL,4/22/2010 00:00:00,26.6683,26.6683,24.4867,24.4867,64400
RCL,4/26/2010 00:00:00,24.5535,26.045,24.4867,24.4867,28500
RCL,4/27/2010 00:00:00,23.8634,24.0415,23.1511,23.1511,25200
RCL,4/28/2010 00:00:00,23.7966,24.4867,23.1511,23.1511,30500
RCL,4/29/2010 00:00:00,23.8189,23.8189,22.7281,23.1511,33200
RCL,5/4/2010 00:00:00,23.2401,23.2624,22.3942,22.7059,44100
RCL,5/5/2010 00:00:00,22.8172,22.9062,21.8154,22.038,20700
RCL,5/6/2010 00:00:00,22.2606,22.7059,21.3702,22.7059,67000
RCL,5/7/2010 00:00:00,21.3702,22.2606,20.5243,22.2606,55000
RCL,5/10/2010 00:00:00,21.1476,21.1476,20.5243,20.7024,44600
RCL,5/11/2010 00:00:00,21.0363,21.0363,20.5911,20.8137,19900
RCL,5/12/2010 00:00:00,20.3685,20.3685,19.3668,19.389,25500
RCL,5/13/2010 00:00:00,18.9216,19.6116,18.9216,19.4781,25200
RCL,5/14/2010 00:00:00,19.5894,19.7007,19.5894,19.6116,13700
RCL,5/17/2010 00:00:00,18.3873,21.0141,18.3873,20.6801,98300
RCL,5/18/2010 00:00:00,20.4798,20.4798,19.7007,19.7675,32500
RCL,5/19/2010 00:00:00,19.1442,19.1442,18.7435,18.7435,28900
RCL,5/20/2010 00:00:00,18.0311,19.2555,18.0311,19.1442,10400
RCL,5/21/2010 00:00:00,17.4969,18.2092,17.4523,17.4523,40100
RCL,5/24/2010 00:00:00,18.365,18.365,18.2315,18.365,2600
RCL,5/25/2010 00:00:00,18.2537,18.4986,18.2537,18.2537,12200
RCL,5/26/2010 00:00:00,19.2555,19.2555,18.0534,18.8548,32400
RCL,5/27/2010 00:00:00,19.0106,19.0106,18.7212,18.8325,19500
RCL,5/28/2010 00:00:00,19.5894,19.8565,19.0551,19.3222,31800
RCL,5/31/2010 00:00:00,18.5876,19.7675,18.5876,19.1219,22900
RCL,6/1/2010 00:00:00,19.7675,20.9918,19.3445,20.3685,59800
RCL,6/2/2010 00:00:00,20.0346,20.0346,19.812,19.812,9100
RCL,6/3/2010 00:00:00,20.6801,20.6801,19.7007,19.8788,53700
RCL,6/4/2010 00:00:00,20.4575,20.7914,19.5894,20.0123,42500
RCL,6/7/2010 00:00:00,19.5894,19.5894,19.2109,19.2109,8100
RCL,6/8/2010 00:00:00,19.2555,19.2555,18.4763,19.2555,6000
RCL,6/9/2010 00:00:00,19.3445,19.3445,18.4763,18.4763,23600
RCL,6/10/2010 00:00:00,18.9216,19.0551,18.4763,19.0551,24300
RCL,6/11/2010 00:00:00,19.7897,19.7897,18.9216,19.1442,31000
RCL,6/14/2010 00:00:00,19.7897,19.7897,19.3668,19.5894,14700
RCL,6/15/2010 00:00:00,19.5894,19.7897,19.2555,19.2777,80300
RCL,6/16/2010 00:00:00,19.5894,19.5894,19.2777,19.3668,5700
RCL,6/17/2010 00:00:00,19.5894,19.9455,18.9438,19.1442,19100
RCL,6/18/2010 00:00:00,19.1442,19.1442,18.9661,19.0551,11400
RCL,6/21/2010 00:00:00,19.0329,19.3445,18.8993,18.8993,4200
RCL,6/22/2010 00:00:00,19.1442,19.5894,18.9438,19.1442,20100
RCL,6/23/2010 00:00:00,18.4986,19.3445,18.4986,19.3445,11300
RCL,6/24/2010 00:00:00,19.3222,19.3222,18.9216,18.9883,3700
RCL,6/25/2010 00:00:00,19.0329,19.0329,19.0106,19.0329,6000
RCL,6/28/2010 00:00:00,18.8102,19.0329,18.4763,18.4763,3900
RCL,6/29/2010 00:00:00,19.0996,19.3668,19.0329,19.0774,65000
RCL,6/30/2010 00:00:00,20.4353,20.4353,19.0329,19.1219,5000
RCL,7/1/2010 00:00:00,18.4318,19.1219,18.4318,19.0329,1400
RCL,7/2/2010 00:00:00,18.9216,18.9216,18.7212,18.7657,3500
RCL,7/5/2010 00:00:00,18.6099,18.6989,18.5876,18.6544,13300
RCL,7/6/2010 00:00:00,18.6099,18.9216,18.3428,18.3873,12000
RCL,7/7/2010 00:00:00,18.877,18.877,18.2537,18.5876,10400
RCL,7/8/2010 00:00:00,19.2332,19.2332,18.4986,18.6989,14200
RCL,7/9/2010 00:00:00,19.1442,19.5671,18.5876,18.6099,12900
RCL,7/12/2010 00:00:00,18.9216,19.5894,18.9216,19.2555,32500
RCL,7/13/2010 00:00:00,19.3222,19.5894,19.3222,19.5894,6000
RCL,7/14/2010 00:00:00,19.9901,19.9901,18.9216,19.1442,12800
RCL,7/15/2010 00:00:00,19.4113,19.4113,18.7212,18.7212,14100
RCL,7/16/2010 00:00:00,18.9216,19.2777,18.6989,18.7435,8900
RCL,7/19/2010 00:00:00,18.6989,18.6989,18.5876,18.6989,7300
RCL,7/20/2010 00:00:00,18.6544,18.7435,18.6544,18.7435,6400
RCL,7/21/2010 00:00:00,18.6989,18.6989,18.6767,18.6767,400
RCL,7/22/2010 00:00:00,18.6989,18.6989,18.2537,18.2537,3800
RCL,7/23/2010 00:00:00,18.276,18.8325,18.276,18.365,1200
RCL,7/26/2010 00:00:00,18.4763,18.4763,17.764,18.0311,7200
RCL,7/27/2010 00:00:00,17.9198,18.2092,17.9198,18.2092,2300
RCL,7/28/2010 00:00:00,18.5654,18.5654,17.8085,17.8085,4400
RCL,7/29/2010 00:00:00,17.8085,18.2537,17.8085,17.8976,1800
RCL,7/30/2010 00:00:00,18.2315,18.4763,18.0311,18.0311,3900
RCL,8/2/2010 00:00:00,18.2537,18.2537,18.0311,18.0756,4600
RCL,8/3/2010 00:00:00,18.0311,18.0756,17.764,17.8085,10900
RCL,8/4/2010 00:00:00,18.2315,18.2315,17.3633,17.5859,7100
RCL,8/5/2010 00:00:00,17.4523,17.9866,17.4523,17.4523,5400
RCL,8/6/2010 00:00:00,17.5414,17.5414,17.5414,17.5414,1200
RCL,8/9/2010 00:00:00,17.5414,17.5414,17.1852,17.252,10200
RCL,8/10/2010 00:00:00,16.9181,17.2075,16.3616,16.3838,2900
RCL,8/11/2010 00:00:00,16.4729,16.5842,16.4729,16.4729,1600
RCL,8/12/2010 00:00:00,15.716,15.8051,15.3598,15.3598,12900
RCL,8/13/2010 00:00:00,15.5825,15.6938,15.5602,15.6938,6600
RCL,8/16/2010 00:00:00,15.5825,16.6732,15.5825,16.6732,9300
RCL,8/17/2010 00:00:00,16.9181,16.9181,16.6955,16.6955,400
RCL,8/18/2010 00:00:00,17.2297,17.2297,15.8051,16.0277,4100
RCL,8/19/2010 00:00:00,16.6955,16.6955,16.0277,16.0277,1100
RCL,8/20/2010 00:00:00,15.3376,16.2503,15.3376,16.228,2500
RCL,8/23/2010 00:00:00,16.3838,16.3838,15.7828,15.7828,200
RCL,8/24/2010 00:00:00,16.2948,16.2948,14.9814,14.9814,9500
RCL,8/25/2010 00:00:00,15.5825,15.5825,14.0242,14.0242,10200
RCL,8/26/2010 00:00:00,14.0687,14.8701,13.0893,13.1783,13000
RCL,8/27/2010 00:00:00,12.4214,12.9112,12.4214,12.9112,12700
RCL,8/30/2010 00:00:00,12.7108,13.5122,12.7108,13.5122,8400
RCL,8/31/2010 00:00:00,13.3564,14.1355,13.3564,14.1355,12400
RCL,9/1/2010 00:00:00,14.8033,14.9814,14.1355,14.9814,18000
RCL,9/6/2010 00:00:00,15.8718,15.9164,15.8718,15.9164,7000
RCL,9/7/2010 00:00:00,15.9164,16.0277,15.8941,15.9164,11700
RCL,9/8/2010 00:00:00,15.1372,16.2058,15.1372,16.1612,2800
RCL,9/9/2010 00:00:00,16.2503,16.4506,16.0277,16.139,7100
RCL,9/10/2010 00:00:00,15.6047,15.6047,15.1372,15.3598,5900
RCL,9/13/2010 00:00:00,15.1372,15.2708,15.1372,15.2485,11200
RCL,9/14/2010 00:00:00,16.2016,16.2016,15.993,15.993,200
RCL,9/17/2010 00:00:00,16.1089,16.3407,16.1089,16.2248,2900
RCL,9/20/2010 00:00:00,16.1089,16.2016,15.7612,15.8076,2000
RCL,9/21/2010 00:00:00,15.7612,16.4334,15.7612,16.4334,1000
RCL,9/24/2010 00:00:00,16.2711,16.2711,15.6453,15.6453,3100
RCL,9/27/2010 00:00:00,15.7612,15.7612,15.7612,15.7612,100
RCL,9/28/2010 00:00:00,15.599,15.6453,15.5758,15.5758,2000
RCL,9/29/2010 00:00:00,15.344,15.5294,15.344,15.5294,3800
RCL,9/30/2010 00:00:00,15.2977,15.344,15.2977,15.344,5600
RCL,10/1/2010 00:00:00,15.3904,15.4135,15.2977,15.2977,7300
RCL,10/4/2010 00:00:00,15.2513,15.2513,14.6023,14.6023,300
RCL,10/5/2010 00:00:00,14.3705,15.2977,14.3705,15.2977,900
RCL,10/6/2010 00:00:00,15.4831,15.5063,15.4831,15.5063,2300
RCL,10/7/2010 00:00:00,15.0659,15.5063,15.0659,15.5063,800
RCL,10/8/2010 00:00:00,15.0659,15.0659,14.695,14.7877,2400
RCL,10/11/2010 00:00:00,14.2083,14.2778,14.2083,14.2778,3400
RCL,10/12/2010 00:00:00,15.1818,15.1818,13.7447,14.1851,6800
RCL,10/13/2010 00:00:00,13.5825,13.6984,13.5825,13.6984,4100
RCL,10/14/2010 00:00:00,14.5328,14.5328,14.5328,14.5328,1900
RCL,10/15/2010 00:00:00,15.4367,15.4367,15.4367,15.4367,700
RCL,10/18/2010 00:00:00,16.2248,16.2248,14.6023,15.5063,6900
RCL,10/19/2010 00:00:00,14.3937,14.5096,14.3937,14.4632,6900
RCL,10/20/2010 00:00:00,13.5129,13.5593,13.5129,13.5361,2400
RCL,10/21/2010 00:00:00,14.4632,14.4632,12.8176,14.4401,5200
RCL,10/22/2010 00:00:00,13.7679,13.7911,13.7447,13.7447,700
RCL,10/25/2010 00:00:00,13.907,13.907,13.1653,13.5593,2100
RCL,10/26/2010 00:00:00,14.3705,14.4864,14.3705,14.4864,3100
RCL,10/27/2010 00:00:00,13.907,13.907,13.5593,13.5593,7900
RCL,10/28/2010 00:00:00,14.3473,14.3473,14.3473,14.3473,100
RCL,10/29/2010 00:00:00,14.5096,14.5096,14.5096,14.5096,100
RCL,11/1/2010 00:00:00,14.8341,14.8341,14.8341,14.8341,100
RCL,11/3/2010 00:00:00,13.8838,13.8838,13.8142,13.8142,13700
RCL,11/4/2010 00:00:00,14.2546,14.2546,14.1387,14.1387,600
RCL,11/5/2010 00:00:00,15.0195,15.0195,13.7447,14.4632,1300
RCL,11/8/2010 00:00:00,13.907,13.907,13.6752,13.6752,2800
RCL,11/9/2010 00:00:00,13.4666,13.4666,13.4434,13.4434,1500
RCL,11/11/2010 00:00:00,13.2811,13.4434,13.2811,13.4434,3800
RCL,11/12/2010 00:00:00,13.2116,13.2116,12.4235,12.4235,23400
RCL,11/15/2010 00:00:00,12.7712,12.8871,12.5163,12.748,8000
RCL,11/16/2010 00:00:00,12.6322,12.6322,11.8441,11.8441,18500
RCL,11/17/2010 00:00:00,12.5626,12.5626,11.9368,11.9368,2800
RCL,11/18/2010 00:00:00,12.6553,12.8871,12.6553,12.8871,9800
RCL,11/19/2010 00:00:00,12.8639,13.4434,12.5394,12.5394,7500
RCL,11/22/2010 00:00:00,12.5051,12.5051,12.3314,12.3314,200
RCL,11/23/2010 00:00:00,12.4356,12.4356,12.2619,12.2619,1100
RCL,11/24/2010 00:00:00,13.304,13.304,13.1998,13.1998,900
RCL,11/25/2010 00:00:00,13.8251,13.8251,12.5051,13.5472,1800
RCL,11/26/2010 00:00:00,13.6514,13.6514,13.1998,13.1998,1700
RCL,11/29/2010 00:00:00,13.1998,13.8945,13.1998,13.8945,9000
RCL,11/30/2010 00:00:00,14.5545,14.5545,14.2419,14.2419,4100
RCL,12/1/2010 00:00:00,13.6861,13.7208,13.5472,13.5472,3800
RCL,12/2/2010 00:00:00,14.4156,14.4156,14.1724,14.2419,3300
RCL,12/3/2010 00:00:00,14.624,15.2145,13.8945,15.2145,17400
RCL,12/6/2010 00:00:00,15.7008,15.8398,15.6661,15.8398,5400
RCL,12/7/2010 00:00:00,16.7776,16.8471,15.805,15.9092,60800
RCL,12/8/2010 00:00:00,16.6734,17.3334,15.5271,16.4998,14900
RCL,12/9/2010 00:00:00,16.8124,16.8124,16.2913,16.2913,38200
RCL,12/10/2010 00:00:00,16.5692,17.0903,16.3261,16.8471,4500
RCL,12/13/2010 00:00:00,17.5071,17.8545,16.8124,17.5418,39800
RCL,12/14/2010 00:00:00,18.0282,18.0282,16.3261,16.6734,5900
RCL,12/15/2010 00:00:00,16.4998,16.8471,16.2913,16.3955,19700
RCL,12/16/2010 00:00:00,17.7503,17.7503,16.0482,16.0482,36200
RCL,12/17/2010 00:00:00,17.7503,17.7503,16.9861,17.0208,4200
RCL,12/20/2010 00:00:00,18.3408,18.3408,16.7776,16.7776,7600
RCL,12/21/2010 00:00:00,16.6734,17.0555,16.6387,16.6387,15300
RCL,12/22/2010 00:00:00,17.6808,17.6808,17.6808,17.6808,8000
RCL,12/23/2010 00:00:00,16.465,16.9166,16.465,16.465,7200
RCL,12/24/2010 00:00:00,17.0208,17.0208,15.7356,15.7356,1700
RCL,12/27/2010 00:00:00,17.0208,17.0208,17.0208,17.0208,6000
RCL,12/28/2010 00:00:00,15.9787,16.9513,15.9787,16.6734,8700
RCL,12/29/2010 00:00:00,15.805,16.6387,15.7356,16.465,25400
RCL,12/30/2010 00:00:00,16.6387,16.6387,16.6387,16.6387,6600
RCL,12/31/2010 00:00:00,16.4998,17.6461,16.4998,16.604,4400
RCL,1/4/2011 00:00:00,16.3261,16.604,16.3261,16.604,9000
RCL,1/6/2011 00:00:00,15.5966,16.604,15.5966,16.604,8700
RCL,1/7/2011 00:00:00,16.6387,16.8819,15.9787,16.0829,6500
RCL,1/10/2011 00:00:00,16.5692,16.8819,15.4924,16.4998,10900
RCL,1/11/2011 00:00:00,15.4577,15.4924,15.2492,15.2492,8400
RCL,1/12/2011 00:00:00,15.284,15.8745,15.145,15.8745,5400
RCL,1/14/2011 00:00:00,15.3187,15.3535,14.9366,15.284,8000
RCL,1/17/2011 00:00:00,15.6313,15.6313,15.3187,15.3187,2100
RCL,1/18/2011 00:00:00,15.7356,15.7356,15.1103,15.1103,4300
RCL,1/19/2011 00:00:00,15.7703,15.7703,15.284,15.284,4600
RCL,1/20/2011 00:00:00,16.465,16.604,15.1103,15.4229,4700
RCL,1/21/2011 00:00:00,15.1103,15.5966,15.0061,15.0061,10000
RCL,1/24/2011 00:00:00,15.7703,15.944,14.9366,14.9366,6500
RCL,1/25/2011 00:00:00,15.944,15.944,14.8324,14.8324,7100
RCL,1/26/2011 00:00:00,15.5966,15.5966,15.4229,15.4229,41600
RCL,1/27/2011 00:00:00,14.6935,15.5619,14.6935,15.284,15000
RCL,1/28/2011 00:00:00,15.4577,16.3261,15.3882,15.4229,14300
RCL,2/8/2011 00:00:00,15.7356,16.0829,15.7356,16.0829,20100
RCL,2/9/2011 00:00:00,16.2913,16.2913,15.284,15.4924,61500
RCL,2/10/2011 00:00:00,15.944,15.944,15.284,15.284,10900
RCL,2/11/2011 00:00:00,15.5966,15.6313,15.284,15.5966,19700
RCL,2/14/2011 00:00:00,16.0482,16.0482,15.6661,15.6661,9000
RCL,2/15/2011 00:00:00,15.6313,15.6313,15.284,15.284,4000
RCL,2/16/2011 00:00:00,15.5619,15.5619,14.5198,15.4229,45800
RCL,2/17/2011 00:00:00,15.4229,15.4229,15.284,15.284,6700
RCL,2/18/2011 00:00:00,15.5619,15.5619,14.4156,14.4503,8200
RCL,2/21/2011 00:00:00,14.4156,14.4156,14.3114,14.3114,11600
RCL,2/22/2011 00:00:00,13.8945,14.2766,13.6166,13.6514,7500
RCL,2/23/2011 00:00:00,14.7629,14.7629,14.7629,14.7629,300
RCL,2/24/2011 00:00:00,13.7556,14.3461,13.7556,14.3461,7400
RCL,2/25/2011 00:00:00,14.5545,14.5545,13.8945,14.0682,3800
RCL,2/28/2011 00:00:00,14.7282,14.7282,14.1724,14.1724,10300
RCL,3/1/2011 00:00:00,13.8945,14.3461,13.8945,13.9293,4200
RCL,3/2/2011 00:00:00,15.0061,15.0061,13.0956,13.0956,11700
RCL,3/3/2011 00:00:00,13.4082,14.5198,13.4082,13.5472,11000
RCL,3/4/2011 00:00:00,13.5472,13.5472,13.5472,13.5472,200
RCL,3/7/2011 00:00:00,13.8598,13.8598,13.8598,13.8598,9000
RCL,3/8/2011 00:00:00,14.2072,14.2072,13.8945,14.1724,6300
RCL,3/9/2011 00:00:00,13.5472,13.5472,13.2345,13.2345,3000
RCL,3/10/2011 00:00:00,13.3735,14.1377,13.3735,13.4082,37000
RCL,3/11/2011 00:00:00,13.8598,13.8598,13.4777,13.4777,4600
RCL,3/14/2011 00:00:00,14.2072,14.2072,13.5472,13.5472,1100
RCL,3/16/2011 00:00:00,14.5893,14.9366,13.6514,13.8945,17400
RCL,3/17/2011 00:00:00,13.8945,14.2419,13.6514,13.6514,7000
RCL,3/18/2011 00:00:00,13.9987,13.9987,13.8251,13.8598,8900
RCL,3/21/2011 00:00:00,14.3461,14.3461,13.6166,13.7208,45800
RCL,3/22/2011 00:00:00,13.9987,13.9987,13.3387,13.3387,15100
RCL,3/23/2011 00:00:00,13.1998,13.443,12.6788,13.443,17800
RCL,3/24/2011 00:00:00,13.7903,13.7903,13.5472,13.5472,7900
RCL,3/25/2011 00:00:00,12.8524,13.5124,12.8524,13.1998,7300
RCL,3/28/2011 00:00:00,13.5472,13.8598,12.9219,13.443,9300
RCL,3/30/2011 00:00:00,13.1998,13.3735,12.7482,12.8177,56500
RCL,3/31/2011 00:00:00,13.443,13.443,13.443,13.443,6800
RCL,4/1/2011 00:00:00,12.8524,12.8524,12.8524,12.8524,1000
RCL,4/4/2011 00:00:00,13.4777,13.4777,12.6788,12.6788,5000
RCL,4/5/2011 00:00:00,13.1303,13.1651,12.3314,12.4356,3500
RCL,4/6/2011 00:00:00,13.2693,13.2693,12.0535,12.0535,8300
RCL,4/7/2011 00:00:00,13.3387,13.3387,12.6093,12.8524,5100
RCL,4/13/2011 00:00:00,13.1651,13.1651,13.1651,13.1651,3000
RCL,4/14/2011 00:00:00,12.6788,12.6788,12.5051,12.5051,1300
RCL,4/15/2011 00:00:00,12.5051,12.5745,12.5051,12.5745,1300
RCL,4/18/2011 00:00:00,13.0261,13.0261,13.0261,13.0261,5000
RCL,4/19/2011 00:00:00,12.3314,12.3314,12.123,12.123,3900
RCL,4/20/2011 00:00:00,11.5325,11.5325,11.4977,11.4977,1800
RCL,4/21/2011 00:00:00,12.2967,12.2967,11.1156,11.984,2900
RCL,4/22/2011 00:00:00,12.123,12.123,11.463,11.463,2800
RCL,4/25/2011 00:00:00,11.9493,12.0882,11.463,11.463,400
RCL,4/26/2011 00:00:00,12.123,12.123,12.123,12.123,5000
RCL,4/27/2011 00:00:00,11.5672,11.5672,11.324,11.3588,2200
RCL,4/28/2011 00:00:00,11.1156,11.1156,10.6293,10.6293,4800
RCL,4/29/2011 00:00:00,10.7335,10.7683,10.7335,10.7683,4500
RCL,5/5/2011 00:00:00,11.1156,11.1156,10.5251,10.5946,4100
RCL,5/6/2011 00:00:00,10.4209,10.4209,10.4209,10.4209,100
RCL,5/9/2011 00:00:00,10.4209,10.4209,10.4209,10.4209,3000
RCL,5/10/2011 00:00:00,10.4209,10.4209,10.4209,10.4209,600
RCL,5/11/2011 00:00:00,10.7683,10.7683,10.2472,10.2472,1800
RCL,5/12/2011 00:00:00,10.4209,10.4209,10.2472,10.2472,1500
RCL,5/13/2011 00:00:00,10.7335,10.7335,10.0735,10.0735,600
RCL,5/16/2011 00:00:00,9.89985,9.89985,9.89985,9.89985,400
RCL,5/17/2011 00:00:00,9.79564,10.1777,9.23986,9.89985,12100
RCL,5/18/2011 00:00:00,9.86512,9.89985,9.23986,9.23986,12000
RCL,5/19/2011 00:00:00,9.96932,9.96932,8.85776,9.37881,7700
RCL,5/20/2011 00:00:00,9.03144,9.03144,8.99671,8.99671,1300
RCL,5/23/2011 00:00:00,9.48302,9.48302,8.37145,8.37145,6000
RCL,5/24/2011 00:00:00,8.68408,8.68408,8.68408,8.68408,1000
RCL,5/25/2011 00:00:00,8.09356,8.09356,8.09356,8.09356,500
RCL,5/26/2011 00:00:00,7.53778,7.95462,7.53778,7.95462,12200
RCL,5/27/2011 00:00:00,8.30198,8.30198,7.7462,7.98935,18700
RCL,5/30/2011 00:00:00,8.44093,8.44093,7.57252,7.60725,22600
RCL,5/31/2011 00:00:00,7.81567,7.81567,7.43357,7.43357,3800
RCL,6/1/2011 00:00:00,6.94726,7.98935,6.94726,7.46831,32200
RCL,6/2/2011 00:00:00,7.88515,7.98935,7.60725,7.98935,29900
RCL,6/3/2011 00:00:00,8.1283,8.37145,7.78094,7.81567,13100
RCL,6/6/2011 00:00:00,8.1283,8.1283,7.98935,7.98935,5300
RCL,6/7/2011 00:00:00,8.26724,8.33672,7.85041,8.33672,30000
RCL,6/8/2011 00:00:00,8.37145,8.5104,8.05883,8.19777,21700
RCL,6/9/2011 00:00:00,8.68408,8.68408,8.16304,8.61461,11800
RCL,6/10/2011 00:00:00,8.85776,8.85776,8.78829,8.78829,9700
RCL,6/13/2011 00:00:00,8.68408,8.92723,8.68408,8.82303,8400
RCL,6/14/2011 00:00:00,8.85776,8.85776,8.33672,8.40619,18300
RCL,6/15/2011 00:00:00,8.33672,8.33672,8.1283,8.1283,11500
RCL,6/16/2011 00:00:00,8.5104,8.5104,8.23251,8.33672,10400
RCL,6/17/2011 00:00:00,8.5104,8.5104,8.16304,8.23251,6000
RCL,6/20/2011 00:00:00,8.33672,8.33672,8.19777,8.19777,1100
RCL,6/21/2011 00:00:00,8.44093,8.44093,8.26724,8.40619,9100
RCL,6/22/2011 00:00:00,8.64934,8.68408,8.26724,8.30198,2600
RCL,6/24/2011 00:00:00,7.98935,8.54514,7.98935,8.47566,500
RCL,6/27/2011 00:00:00,8.37145,8.37145,8.33672,8.33672,5400
RCL,6/28/2011 00:00:00,8.05883,8.05883,8.02409,8.02409,2100
RCL,6/29/2011 00:00:00,8.02409,8.02409,7.78094,7.78094,2200
RCL,6/30/2011 00:00:00,8.1283,8.1283,7.60725,7.60725,5300
RCL,7/1/2011 00:00:00,7.64199,7.64199,7.64199,7.64199,1000
RCL,7/4/2011 00:00:00,7.88515,7.88515,7.88515,7.88515,6000
RCL,7/5/2011 00:00:00,8.05883,8.05883,7.98935,7.98935,3400
RCL,7/6/2011 00:00:00,7.98935,8.09356,7.71146,7.7462,5200
RCL,7/7/2011 00:00:00,7.91988,7.91988,7.39884,7.88515,7500
RCL,7/8/2011 00:00:00,7.71146,7.71146,7.71146,7.71146,100
RCL,7/11/2011 00:00:00,8.1283,8.1283,8.1283,8.1283,5000
RCL,7/12/2011 00:00:00,7.64199,7.64199,7.60725,7.60725,1500
RCL,7/13/2011 00:00:00,7.91988,7.91988,7.60725,7.64199,2100
RCL,7/14/2011 00:00:00,7.60725,7.60725,7.60725,7.60725,200
RCL,7/15/2011 00:00:00,7.67673,7.67673,7.67673,7.67673,100
RCL,7/18/2011 00:00:00,7.64199,7.64199,7.64199,7.64199,1000
RCL,7/19/2011 00:00:00,7.64199,7.64199,7.64199,7.64199,800
RCL,7/20/2011 00:00:00,8.05883,8.05883,8.05883,8.05883,600
RCL,7/21/2011 00:00:00,7.64199,7.78094,7.64199,7.78094,1900
RCL,7/22/2011 00:00:00,7.64199,7.64199,7.64199,7.64199,1000
RCL,7/25/2011 00:00:00,7.64199,7.64199,7.39884,7.60725,1400
RCL,7/26/2011 00:00:00,7.71146,7.71146,7.64199,7.64199,1500
RCL,7/27/2011 00:00:00,8.16304,8.16304,7.7462,7.7462,2100
RCL,7/28/2011 00:00:00,7.64199,7.64199,7.32936,7.39884,2900
RCL,7/29/2011 00:00:00,7.7462,7.7462,7.32936,7.32936,6200
RCL,8/1/2011 00:00:00,7.15568,7.50305,7.15568,7.50305,5600
RCL,8/2/2011 00:00:00,7.29463,7.29463,7.29463,7.29463,1000
RCL,8/3/2011 00:00:00,7.12095,7.12095,7.12095,7.12095,1500
RCL,8/4/2011 00:00:00,7.15568,7.50305,7.15568,7.15568,3200
RCL,8/5/2011 00:00:00,7.67673,7.67673,6.94726,7.43357,1700
RCL,8/8/2011 00:00:00,6.94726,6.94726,6.94726,6.94726,1000
RCL,8/9/2011 00:00:00,6.5999,6.5999,6.5999,6.5999,3500
RCL,8/10/2011 00:00:00,6.25254,6.87779,6.25254,6.87779,1600
RCL,8/12/2011 00:00:00,7.05147,7.05147,6.25254,6.25254,2600
RCL,8/15/2011 00:00:00,6.42622,6.42622,6.39148,6.39148,2000
RCL,8/16/2011 00:00:00,6.39148,6.42622,6.39148,6.42622,300
RCL,8/17/2011 00:00:00,6.46096,6.73885,6.46096,6.73885,1400
RCL,8/18/2011 00:00:00,6.70411,7.12095,6.70411,7.12095,3200
RCL,8/19/2011 00:00:00,7.39884,7.39884,6.87779,6.87779,4600
RCL,8/22/2011 00:00:00,6.49569,7.25989,6.49569,7.01674,2800
RCL,8/23/2011 00:00:00,7.08621,7.08621,7.01674,7.08621,2700
RCL,8/25/2011 00:00:00,7.08621,7.08621,7.08621,7.08621,1000
RCL,8/26/2011 00:00:00,7.25989,7.32936,7.25989,7.32936,2300
RCL,8/29/2011 00:00:00,6.77358,7.46831,6.77358,7.39884,7600
RCL,8/30/2011 00:00:00,7.64199,7.64199,7.29463,7.29463,4200
RCL,8/31/2011 00:00:00,6.80832,7.3641,6.80832,7.29463,1600
RCL,9/1/2011 00:00:00,7.57252,7.57252,7.57252,7.57252,200
RCL,9/5/2011 00:00:00,7.29463,7.3641,7.29463,7.32936,2100
RCL,9/6/2011 00:00:00,7.15568,7.22515,7.15568,7.19042,5100
RCL,9/7/2011 00:00:00,7.43357,7.43357,7.43357,7.43357,1100
RCL,9/8/2011 00:00:00,7.46831,7.46831,7.46831,7.46831,3900
RCL,9/9/2011 00:00:00,7.46831,7.50305,7.3641,7.3641,2600
RCL,9/12/2011 00:00:00,7.3641,7.60725,7.3641,7.60725,1900
RCL,9/13/2011 00:00:00,7.71146,7.98935,7.71146,7.98935,10700
RCL,9/14/2011 00:00:00,7.98935,7.98935,7.98935,7.98935,1700
RCL,9/15/2011 00:00:00,7.88515,7.88515,7.88515,7.88515,1400
RCL,9/16/2011 00:00:00,7.88515,7.88515,7.43357,7.43357,6600
RCL,9/19/2011 00:00:00,7.39884,7.39884,7.39884,7.39884,500
RCL,9/20/2011 00:00:00,7.7462,7.7462,7.39884,7.39884,2600
RCL,9/21/2011 00:00:00,7.22017,7.25574,7.22017,7.25574,1200
RCL,9/22/2011 00:00:00,7.68254,7.68254,7.68254,7.68254,500
RCL,9/23/2011 00:00:00,8.18049,8.18049,8.18049,8.18049,100
RCL,9/26/2011 00:00:00,7.96708,7.96708,7.96708,7.96708,100
RCL,9/27/2011 00:00:00,7.50471,7.54028,7.43357,7.46914,6600
RCL,9/28/2011 00:00:00,7.1846,7.1846,7.1846,7.1846,4000
RCL,9/29/2011 00:00:00,6.8645,6.8645,6.82893,6.82893,3000
RCL,9/30/2011 00:00:00,7.2913,7.2913,7.2913,7.2913,100
RCL,10/3/2011 00:00:00,6.82893,6.82893,6.82893,6.82893,200
RCL,10/4/2011 00:00:00,6.72223,6.72223,6.72223,6.72223,100
RCL,10/5/2011 00:00:00,6.79336,7.04233,6.79336,7.04233,1300
RCL,10/6/2011 00:00:00,7.11347,7.11347,7.11347,7.11347,200
RCL,10/11/2011 00:00:00,6.9712,6.9712,6.9712,6.9712,300
RCL,10/12/2011 00:00:00,6.9712,7.11347,6.9712,6.9712,8800
RCL,10/17/2011 00:00:00,7.00676,7.00676,7.00676,7.00676,300
RCL,10/19/2011 00:00:00,7.00676,7.00676,7.00676,7.00676,100
RCL,10/24/2011 00:00:00,6.75779,6.75779,6.75779,6.75779,900
RCL,10/26/2011 00:00:00,6.68666,6.75779,6.65109,6.75779,3500
RCL,10/27/2011 00:00:00,6.61552,6.61552,6.57996,6.57996,400
RCL,10/28/2011 00:00:00,6.65109,6.93563,6.65109,6.93563,300
RCL,10/31/2011 00:00:00,6.75779,6.75779,6.68666,6.68666,300
RCL,11/2/2011 00:00:00,6.61552,6.61552,6.50882,6.50882,3200
RCL,11/3/2011 00:00:00,6.43769,6.47325,6.43769,6.47325,1900
RCL,11/8/2011 00:00:00,6.47325,6.47325,6.47325,6.47325,100
RCL,11/9/2011 00:00:00,6.40212,6.40212,6.40212,6.40212,300
RCL,11/10/2011 00:00:00,6.11758,6.11758,6.08201,6.08201,1200
RCL,11/14/2011 00:00:00,5.86861,5.86861,5.86861,5.86861,300
RCL,11/16/2011 00:00:00,5.90418,6.01088,5.86861,6.01088,800
RCL,11/17/2011 00:00:00,6.25985,6.25985,5.90418,6.01088,1200
RCL,11/18/2011 00:00:00,6.18872,6.18872,5.83304,5.83304,200
RCL,11/21/2011 00:00:00,5.90418,5.90418,5.69077,5.69077,2000
RCL,11/22/2011 00:00:00,6.15315,6.15315,5.47737,5.58407,1000
RCL,11/23/2011 00:00:00,5.3351,6.01088,5.3351,5.5485,600
RCL,11/24/2011 00:00:00,5.3351,5.3351,5.3351,5.3351,200
RCL,11/25/2011 00:00:00,5.65521,5.65521,5.65521,5.65521,100
RCL,11/28/2011 00:00:00,5.69077,5.69077,5.69077,5.69077,1000
RCL,11/29/2011 00:00:00,5.93974,5.93974,5.93974,5.93974,100
RCL,11/30/2011 00:00:00,5.58407,5.61964,5.5485,5.5485,1600
RCL,12/1/2011 00:00:00,5.2284,5.72634,5.2284,5.72634,500
RCL,12/2/2011 00:00:00,5.15726,5.15726,5.15726,5.15726,2000
RCL,12/5/2011 00:00:00,5.15726,5.51294,5.15726,5.3351,2000
RCL,12/6/2011 00:00:00,5.69077,5.69077,5.51294,5.51294,2600
RCL,12/7/2011 00:00:00,5.83304,5.90418,5.58407,5.90418,5300
RCL,12/8/2011 00:00:00,6.22428,6.22428,5.83304,6.01088,1200
RCL,12/9/2011 00:00:00,5.86861,5.86861,5.61964,5.69077,4900
RCL,12/13/2011 00:00:00,5.51294,5.51294,5.29953,5.29953,2400
RCL,12/14/2011 00:00:00,5.37067,5.37067,5.15726,5.19283,2400
RCL,12/15/2011 00:00:00,5.1217,5.1217,5.08613,5.08613,800
RCL,12/16/2011 00:00:00,5.15726,5.15726,5.15726,5.15726,1200
RCL,12/19/2011 00:00:00,5.15726,5.15726,4.90829,4.97943,1700
RCL,12/20/2011 00:00:00,4.97943,4.97943,4.97943,4.97943,500
RCL,12/21/2011 00:00:00,4.97943,4.97943,4.90829,4.97943,2800
RCL,12/22/2011 00:00:00,4.97943,4.97943,4.87273,4.97943,3200
RCL,12/23/2011 00:00:00,4.97943,4.97943,4.83716,4.83716,3700
RCL,12/26/2011 00:00:00,4.80159,4.80159,4.80159,4.80159,2000
RCL,12/27/2011 00:00:00,4.76602,4.76602,4.73046,4.76602,900
RCL,12/28/2011 00:00:00,4.73046,4.80159,4.73046,4.80159,1500
RCL,12/29/2011 00:00:00,4.73046,4.73046,4.62375,4.62375,2800
RCL,12/30/2011 00:00:00,4.62375,4.62375,4.62375,4.62375,3300
RCL,1/3/2012 00:00:00,4.62375,4.62375,4.62375,4.62375,2900
RCL,1/4/2012 00:00:00,4.94386,4.94386,4.94386,4.94386,1800
RCL,1/5/2012 00:00:00,5.01499,5.01499,4.97943,4.97943,1500
RCL,1/6/2012 00:00:00,5.01499,5.01499,5.01499,5.01499,200
RCL,1/9/2012 00:00:00,5.01499,5.01499,5.01499,5.01499,500
RCL,1/10/2012 00:00:00,4.97943,4.97943,4.80159,4.83716,47200
RCL,1/11/2012 00:00:00,4.83716,4.83716,4.80159,4.80159,8500
RCL,1/12/2012 00:00:00,4.80159,4.80159,4.73046,4.73046,1300
RCL,1/13/2012 00:00:00,4.76602,5.01499,4.76602,5.01499,20500
RCL,1/16/2012 00:00:00,5.1217,5.1217,5.1217,5.1217,1000
RCL,1/17/2012 00:00:00,5.47737,5.47737,5.2284,5.2284,3800
RCL,1/18/2012 00:00:00,5.72634,5.72634,5.51294,5.5485,1400
RCL,1/19/2012 00:00:00,5.61964,5.61964,5.61964,5.61964,1000
RCL,1/20/2012 00:00:00,5.61964,5.69077,5.61964,5.69077,1600
RCL,1/30/2012 00:00:00,5.69077,5.83304,5.69077,5.83304,2300
RCL,1/31/2012 00:00:00,5.79748,5.83304,5.79748,5.79748,2500
RCL,2/1/2012 00:00:00,5.69077,5.76191,5.69077,5.76191,300
RCL,2/2/2012 00:00:00,5.86861,5.90418,5.86861,5.90418,600
RCL,2/3/2012 00:00:00,5.86861,5.86861,5.65521,5.65521,3700
RCL,2/6/2012 00:00:00,5.86861,5.86861,5.61964,5.61964,300
RCL,2/7/2012 00:00:00,5.86861,5.86861,5.58407,5.58407,300
RCL,2/8/2012 00:00:00,5.86861,5.86861,5.83304,5.83304,2800
RCL,2/9/2012 00:00:00,5.69077,5.69077,5.69077,5.69077,1100
RCL,2/10/2012 00:00:00,5.83304,5.83304,5.40623,5.40623,700
RCL,2/13/2012 00:00:00,5.79748,5.79748,5.4418,5.4418,600
RCL,2/14/2012 00:00:00,5.72634,5.76191,5.51294,5.51294,2000
RCL,2/15/2012 00:00:00,5.26397,5.76191,5.26397,5.65521,600
RCL,2/16/2012 00:00:00,5.15726,5.15726,5.15726,5.15726,300
RCL,2/17/2012 00:00:00,5.51294,5.51294,5.51294,5.51294,300
RCL,2/20/2012 00:00:00,5.86861,5.86861,5.86861,5.86861,17400
RCL,2/21/2012 00:00:00,6.22428,6.22428,5.90418,5.90418,4600
RCL,2/22/2012 00:00:00,6.15315,6.22428,6.15315,6.22428,1200
RCL,2/23/2012 00:00:00,5.86861,6.33099,5.86861,6.04645,1900
RCL,2/24/2012 00:00:00,6.61552,6.61552,6.11758,6.11758,6300
RCL,2/27/2012 00:00:00,5.79748,6.15315,5.79748,6.15315,2500
RCL,2/28/2012 00:00:00,6.25985,6.25985,5.86861,5.86861,5700
RCL,2/29/2012 00:00:00,5.86861,6.04645,5.69077,6.04645,1600
RCL,3/1/2012 00:00:00,5.90418,5.90418,5.90418,5.90418,5200
RCL,3/2/2012 00:00:00,5.90418,6.18872,5.69077,6.18872,8200
RCL,3/5/2012 00:00:00,6.33099,6.40212,6.33099,6.36655,124700
RCL,3/6/2012 00:00:00,6.40212,6.40212,6.01088,6.22428,23700
RCL,3/7/2012 00:00:00,5.79748,6.22428,5.79748,6.22428,3300
RCL,3/8/2012 00:00:00,5.93974,5.93974,5.86861,5.86861,4700
RCL,3/9/2012 00:00:00,6.11758,6.11758,6.01088,6.01088,1900
RCL,3/12/2012 00:00:00,5.86861,5.90418,5.69077,5.76191,9300
RCL,3/13/2012 00:00:00,5.83304,5.93974,5.69077,5.93974,5100
RCL,3/14/2012 00:00:00,6.04645,6.04645,5.69077,5.93974,4400
RCL,3/15/2012 00:00:00,6.06272,6.06272,5.79748,6.02483,12100
RCL,3/16/2012 00:00:00,6.10061,6.10061,5.6838,5.91115,12300
RCL,3/19/2012 00:00:00,6.1764,6.1764,5.94904,6.06272,10500
RCL,3/20/2012 00:00:00,6.25218,6.25218,6.06272,6.10061,9800
RCL,3/21/2012 00:00:00,6.1764,6.1764,6.06272,6.06272,23400
RCL,3/22/2012 00:00:00,6.02483,6.10061,5.94904,6.10061,9600
RCL,3/23/2012 00:00:00,6.06272,6.1385,6.06272,6.1385,16100
RCL,3/26/2012 00:00:00,6.06272,6.32796,6.06272,6.1385,26500
RCL,3/27/2012 00:00:00,6.25218,6.44164,6.10061,6.1764,9100
RCL,3/28/2012 00:00:00,6.32796,6.32796,5.98694,6.1764,1500
RCL,3/29/2012 00:00:00,6.32796,6.32796,6.06272,6.21429,13300
RCL,3/30/2012 00:00:00,6.36586,6.36586,6.06272,6.1764,5900
RCL,4/3/2012 00:00:00,6.32796,6.36586,6.21429,6.25218,10300
RCL,4/4/2012 00:00:00,6.29007,6.29007,6.1385,6.1385,1800
RCL,4/5/2012 00:00:00,6.25218,6.25218,6.10061,6.1764,4300
RCL,4/6/2012 00:00:00,6.1385,6.25218,6.02483,6.06272,14700
RCL,4/9/2012 00:00:00,6.25218,6.25218,6.06272,6.1764,1500
RCL,4/10/2012 00:00:00,6.1764,6.1764,6.10061,6.10061,7100
RCL,4/11/2012 00:00:00,6.21429,6.51742,6.21429,6.51742,25800
RCL,4/12/2012 00:00:00,6.6311,6.97213,6.6311,6.97213,33300
RCL,4/13/2012 00:00:00,7.42683,7.42683,6.82056,7.16159,3400
RCL,4/16/2012 00:00:00,7.16159,7.35105,6.82056,7.35105,5300
RCL,4/17/2012 00:00:00,6.97213,7.38894,6.97213,7.19948,12400
RCL,4/18/2012 00:00:00,7.19948,7.27526,7.16159,7.16159,6100
RCL,4/19/2012 00:00:00,6.85845,7.50262,6.70688,7.50262,10300
RCL,4/20/2012 00:00:00,7.16159,7.19948,6.82056,7.16159,2000
RCL,4/23/2012 00:00:00,6.89634,7.0858,6.89634,6.89634,1300
RCL,4/24/2012 00:00:00,6.85845,6.97213,6.82056,6.85845,3800
RCL,4/25/2012 00:00:00,7.04791,7.1237,7.04791,7.1237,2600
RCL,4/26/2012 00:00:00,7.01002,7.01002,6.85845,6.97213,400
RCL,4/27/2012 00:00:00,7.19948,7.19948,6.89634,6.89634,1600
RCL,5/2/2012 00:00:00,6.97213,7.01002,6.82056,6.89634,3500
RCL,5/3/2012 00:00:00,7.23737,7.23737,6.85845,7.01002,1600
RCL,5/4/2012 00:00:00,7.31316,7.38894,7.1237,7.23737,11400
RCL,5/7/2012 00:00:00,7.5784,7.5784,7.19948,7.46472,17600
RCL,5/8/2012 00:00:00,7.50262,7.5784,7.23737,7.5784,2800
RCL,5/9/2012 00:00:00,7.65418,7.76786,7.50262,7.72997,20900
RCL,5/10/2012 00:00:00,7.80575,8.18467,7.76786,8.18467,9900
RCL,5/11/2012 00:00:00,8.56359,8.56359,8.10889,8.18467,8500
RCL,5/14/2012 00:00:00,8.18467,8.18467,7.61629,7.91943,3900
RCL,5/15/2012 00:00:00,7.61629,7.61629,7.38894,7.38894,1600
RCL,5/16/2012 00:00:00,7.38894,7.38894,7.35105,7.38894,1800
RCL,5/17/2012 00:00:00,7.31316,7.31316,7.19948,7.19948,2100
RCL,5/18/2012 00:00:00,7.01002,7.19948,6.70688,7.19948,2100
RCL,5/21/2012 00:00:00,7.16159,7.5784,7.16159,7.54051,7400
RCL,5/22/2012 00:00:00,7.19948,7.19948,7.19948,7.19948,100
RCL,5/23/2012 00:00:00,7.19948,7.19948,6.70688,6.70688,5400
RCL,5/24/2012 00:00:00,6.74478,6.74478,6.70688,6.74478,1500
RCL,5/25/2012 00:00:00,6.82056,7.1237,6.82056,6.89634,1700
RCL,5/28/2012 00:00:00,7.23737,7.23737,6.82056,6.82056,4100
RCL,5/29/2012 00:00:00,7.01002,7.04791,6.66899,7.04791,3000
RCL,5/30/2012 00:00:00,7.0858,7.0858,6.82056,7.01002,2100
RCL,5/31/2012 00:00:00,6.82056,6.97213,6.82056,6.97213,1100
RCL,6/1/2012 00:00:00,6.82056,6.82056,6.82056,6.82056,1000
RCL,6/4/2012 00:00:00,6.44164,6.6311,6.44164,6.44164,1000
RCL,6/5/2012 00:00:00,6.85845,6.85845,6.44164,6.82056,800
RCL,6/6/2012 00:00:00,6.82056,7.0858,6.6311,7.0858,1600
RCL,6/7/2012 00:00:00,7.0858,7.38894,6.82056,7.38894,900
RCL,6/8/2012 00:00:00,7.5784,7.5784,7.19948,7.27526,2400
RCL,6/11/2012 00:00:00,7.5784,7.5784,7.19948,7.19948,200
RCL,6/12/2012 00:00:00,6.89634,6.89634,6.89634,6.89634,100
RCL,6/13/2012 00:00:00,6.82056,7.19948,6.82056,7.19948,3400
RCL,6/14/2012 00:00:00,7.19948,7.19948,7.19948,7.19948,100
RCL,6/15/2012 00:00:00,7.19948,7.38894,7.19948,7.38894,700
RCL,6/19/2012 00:00:00,7.19948,7.19948,7.19948,7.19948,100
RCL,6/20/2012 00:00:00,7.35105,7.35105,7.35105,7.35105,100
RCL,6/25/2012 00:00:00,7.5784,7.69208,6.93424,7.19948,2000
RCL,6/26/2012 00:00:00,6.74478,7.19948,6.74478,7.19948,600
RCL,6/27/2012 00:00:00,7.19948,7.19948,7.19948,7.19948,100
RCL,6/28/2012 00:00:00,7.16159,7.16159,7.16159,7.16159,500
RCL,6/29/2012 00:00:00,6.82056,6.82056,6.82056,6.82056,100
RCL,7/2/2012 00:00:00,7.27526,7.27526,6.82056,6.82056,4600
RCL,7/3/2012 00:00:00,7.16159,7.16159,6.74478,6.74478,3800
RCL,7/4/2012 00:00:00,7.1237,7.1237,7.1237,7.1237,100
RCL,7/5/2012 00:00:00,6.82056,6.89634,6.82056,6.89634,2500
RCL,7/6/2012 00:00:00,6.82056,6.82056,6.82056,6.82056,2300
RCL,7/9/2012 00:00:00,6.82056,6.85845,6.6311,6.85845,1600
RCL,7/10/2012 00:00:00,6.82056,6.82056,6.82056,6.82056,200
RCL,7/11/2012 00:00:00,6.82056,6.82056,6.66899,6.66899,800
RCL,7/12/2012 00:00:00,6.82056,6.82056,6.82056,6.82056,100
RCL,7/13/2012 00:00:00,7.1237,7.1237,6.85845,6.85845,800
RCL,7/16/2012 00:00:00,7.01002,7.01002,6.82056,6.82056,1200
RCL,7/17/2012 00:00:00,6.97213,6.97213,6.82056,6.82056,200
RCL,7/18/2012 00:00:00,6.89634,6.89634,6.74478,6.74478,200
RCL,7/19/2012 00:00:00,7.16159,7.16159,6.89634,6.97213,500
RCL,7/20/2012 00:00:00,6.97213,7.01002,6.97213,7.01002,300
RCL,7/23/2012 00:00:00,6.82056,6.97213,6.82056,6.97213,900
RCL,7/24/2012 00:00:00,6.66899,6.93424,6.66899,6.70688,700
RCL,7/25/2012 00:00:00,6.82056,6.82056,6.82056,6.82056,600
RCL,7/26/2012 00:00:00,6.97213,6.97213,6.97213,6.97213,100
RCL,7/27/2012 00:00:00,6.82056,7.23737,6.74478,7.23737,3200
RCL,7/30/2012 00:00:00,7.5784,7.5784,7.50262,7.50262,700
RCL,7/31/2012 00:00:00,7.01002,7.01002,7.01002,7.01002,200
RCL,8/1/2012 00:00:00,6.70688,6.89634,6.55532,6.89634,7400
RCL,8/2/2012 00:00:00,7.1237,7.1237,7.1237,7.1237,100
RCL,8/3/2012 00:00:00,6.70688,6.70688,6.66899,6.66899,400
RCL,8/6/2012 00:00:00,7.04791,7.04791,6.74478,7.01002,2200
RCL,8/8/2012 00:00:00,6.97213,7.01002,6.82056,6.82056,800
RCL,8/9/2012 00:00:00,6.93424,6.93424,6.93424,6.93424,100
RCL,8/10/2012 00:00:00,6.74478,6.74478,6.74478,6.74478,2000
RCL,8/13/2012 00:00:00,6.70688,6.93424,6.70688,6.93424,1100
RCL,8/14/2012 00:00:00,6.47953,6.97213,6.47953,6.82056,3300
RCL,8/15/2012 00:00:00,6.74478,6.74478,6.66899,6.66899,11700
RCL,8/20/2012 00:00:00,6.66899,6.78267,6.51742,6.78267,6600
RCL,8/21/2012 00:00:00,6.66899,6.66899,6.66899,6.66899,100
RCL,8/22/2012 00:00:00,6.44164,6.66899,6.32796,6.32796,13700
RCL,8/23/2012 00:00:00,6.25218,6.25218,6.10061,6.10061,16300
RCL,8/24/2012 00:00:00,6.10061,6.44164,6.10061,6.25218,1000
RCL,8/27/2012 00:00:00,6.21429,6.25218,6.06272,6.25218,4700
RCL,8/28/2012 00:00:00,6.40375,6.40375,6.06272,6.06272,200
RCL,8/29/2012 00:00:00,6.44164,6.44164,6.44164,6.44164,100
RCL,8/30/2012 00:00:00,6.78267,6.78267,6.1385,6.1385,200
RCL,8/31/2012 00:00:00,6.44164,6.47953,6.44164,6.47953,500
RCL,9/4/2012 00:00:00,6.47953,6.51742,6.47953,6.51742,400
RCL,9/5/2012 00:00:00,6.47953,6.47953,6.47953,6.47953,200
RCL,9/6/2012 00:00:00,6.44164,6.44164,6.44164,6.44164,400
RCL,9/10/2012 00:00:00,6.25218,6.25218,6.10061,6.10061,2700
RCL,9/11/2012 00:00:00,6.25218,6.36586,6.1764,6.1764,800
RCL,9/12/2012 00:00:00,6.40375,6.40375,6.40375,6.40375,300
RCL,9/13/2012 00:00:00,6.59321,6.59321,6.59321,6.59321,100
RCL,9/14/2012 00:00:00,7.01002,7.01002,7.01002,7.01002,100
RCL,9/17/2012 00:00:00,6.55532,6.55532,6.55532,6.55532,200
RCL,9/18/2012 00:00:00,6.78267,6.78267,6.78267,6.78267,200
RCL,9/20/2012 00:00:00,6.36586,6.36586,6.36586,6.36586,100
RCL,9/21/2012 00:00:00,6.78267,6.78267,6.78267,6.78267,100
RCL,9/24/2012 00:00:00,6.89634,6.89634,6.89634,6.89634,100
RCL,9/25/2012 00:00:00,6.55532,6.55532,6.55532,6.55532,10800
RCL,9/26/2012 00:00:00,6.78267,6.78267,6.78267,6.78267,100
RCL,10/1/2012 00:00:00,6.6311,6.93424,6.6311,6.93424,300
RCL,10/2/2012 00:00:00,7.01002,7.01002,7.01002,7.01002,100
RCL,10/3/2012 00:00:00,6.82056,6.82056,6.82056,6.82056,200
RCL,10/4/2012 00:00:00,6.74478,6.74478,6.74478,6.74478,200
RCL,10/5/2012 00:00:00,6.6311,6.6311,6.6311,6.6311,300
RCL,10/9/2012 00:00:00,6.6311,6.6311,6.6311,6.6311,1300
RCL,10/11/2012 00:00:00,6.78267,6.78267,6.78267,6.78267,100
RCL,10/16/2012 00:00:00,6.82056,6.82056,6.82056,6.82056,200
RCL,10/17/2012 00:00:00,6.74478,6.74478,6.74478,6.74478,100
RCL,10/18/2012 00:00:00,6.55532,6.55532,6.55532,6.55532,100
RCL,10/19/2012 00:00:00,6.82056,6.82056,6.1385,6.1385,200
RCL,10/22/2012 00:00:00,6.02483,6.55532,6.02483,6.55532,2900
RCL,10/23/2012 00:00:00,6.97213,6.97213,6.25218,6.25218,200
RCL,10/24/2012 00:00:00,6.29007,6.55532,6.21429,6.55532,1600
RCL,10/25/2012 00:00:00,6.44164,6.44164,6.44164,6.44164,300
RCL,10/26/2012 00:00:00,6.66899,6.66899,6.66899,6.66899,100
RCL,10/31/2012 00:00:00,6.44164,6.44164,6.44164,6.44164,100
RCL,11/2/2012 00:00:00,6.1385,6.1385,6.1385,6.1385,3100
RCL,11/6/2012 00:00:00,6.1764,6.1764,6.1385,6.1385,2500
RCL,11/7/2012 00:00:00,6.44164,6.44164,6.44164,6.44164,100
RCL,11/8/2012 00:00:00,6.1764,6.21429,6.1764,6.21429,1100
RCL,11/12/2012 00:00:00,6.21429,6.36586,6.21429,6.36586,1000
RCL,11/14/2012 00:00:00,6.29007,6.29007,6.29007,6.29007,100
RCL,11/16/2012 00:00:00,6.25218,6.25218,6.25218,6.25218,600
RCL,11/20/2012 00:00:00,6.32796,6.32796,6.32796,6.32796,1600
RCL,11/23/2012 00:00:00,6.32796,6.32796,6.32796,6.32796,1100
RCL,11/27/2012 00:00:00,6.36586,6.36586,6.36586,6.36586,1500
RCL,11/28/2012 00:00:00,6.36586,6.36586,6.36586,6.36586,4000
RCL,11/29/2012 00:00:00,6.40375,6.40375,6.36586,6.36586,6000
RCL,11/30/2012 00:00:00,6.25218,6.25218,6.25218,6.25218,500
RCL,12/3/2012 00:00:00,6.32796,6.32796,6.32796,6.32796,400
RCL,12/4/2012 00:00:00,6.40375,6.44164,6.40375,6.44164,700
RCL,12/10/2012 00:00:00,6.29007,6.29007,6.25218,6.25218,6100
RCL,12/11/2012 00:00:00,6.66899,6.66899,6.66899,6.66899,100
RCL,12/13/2012 00:00:00,6.29007,6.29007,6.29007,6.29007,1000
RCL,12/17/2012 00:00:00,6.29007,6.29007,6.29007,6.29007,100
RCL,12/18/2012 00:00:00,6.29007,6.29007,6.29007,6.29007,200
RCL,12/19/2012 00:00:00,6.59321,6.59321,6.59321,6.59321,100
RCL,12/20/2012 00:00:00,6.85845,6.85845,6.85845,6.85845,100
RCL,12/21/2012 00:00:00,7.27526,7.27526,7.27526,7.27526,100
RCL,12/24/2012 00:00:00,6.82056,6.82056,6.82056,6.82056,1000
RCL,12/25/2012 00:00:00,6.82056,6.82056,6.44164,6.44164,7200
RCL,12/26/2012 00:00:00,6.44164,6.6311,6.44164,6.6311,1100
RCL,12/27/2012 00:00:00,6.82056,6.82056,6.82056,6.82056,100
RCL,12/28/2012 00:00:00,7.23737,7.23737,7.23737,7.23737,100
RCL,1/2/2013 00:00:00,7.69208,7.69208,6.82056,7.19948,800
RCL,1/3/2013 00:00:00,7.19948,7.19948,6.82056,6.82056,4600
RCL,1/4/2013 00:00:00,7.01002,7.01002,6.51742,6.51742,200
RCL,1/7/2013 00:00:00,6.97213,6.97213,6.06272,6.06272,1000
RCL,1/8/2013 00:00:00,6.47953,6.47953,6.47953,6.47953,600
RCL,1/9/2013 00:00:00,6.74478,6.82056,6.74478,6.74478,3800
RCL,1/10/2013 00:00:00,6.82056,6.82056,6.82056,6.82056,100
RCL,1/11/2013 00:00:00,6.82056,6.82056,6.44164,6.44164,10500
RCL,1/14/2013 00:00:00,6.85845,6.85845,6.44164,6.82056,1300
RCL,1/15/2013 00:00:00,7.49838,7.49838,6.43929,6.43929,200
RCL,1/16/2013 00:00:00,6.7782,7.07474,5.97329,7.07474,700
RCL,1/17/2013 00:00:00,7.62547,7.62547,7.62547,7.62547,100
RCL,1/21/2013 00:00:00,7.03238,7.20183,7.03238,7.20183,300
RCL,1/22/2013 00:00:00,7.03238,7.03238,7.03238,7.03238,300
RCL,1/25/2013 00:00:00,6.69347,7.54074,6.69347,7.54074,4700
RCL,1/28/2013 00:00:00,7.54074,7.54074,7.54074,7.54074,100
RCL,2/1/2013 00:00:00,7.54074,7.62547,7.54074,7.54074,5200
RCL,2/5/2013 00:00:00,6.86292,8.13383,6.86292,8.13383,600
RCL,2/6/2013 00:00:00,7.41365,7.41365,7.41365,7.41365,100
RCL,2/7/2013 00:00:00,8.00674,8.00674,6.99001,6.99001,200
RCL,2/8/2013 00:00:00,7.66783,7.66783,6.99001,7.20183,400
RCL,2/18/2013 00:00:00,7.20183,7.49838,7.20183,7.49838,3800
RCL,2/19/2013 00:00:00,6.86292,6.86292,6.86292,6.86292,100
RCL,2/20/2013 00:00:00,6.7782,7.15947,6.35456,7.15947,4200
RCL,2/21/2013 00:00:00,6.99001,6.99001,6.48165,6.48165,10000
RCL,2/22/2013 00:00:00,7.15947,7.15947,6.26983,6.99001,5200
RCL,2/25/2013 00:00:00,7.07474,7.07474,6.90529,7.03238,5400
RCL,2/26/2013 00:00:00,6.7782,6.99001,6.7782,6.7782,3300
RCL,2/27/2013 00:00:00,6.86292,6.86292,6.86292,6.86292,100
RCL,2/28/2013 00:00:00,6.7782,6.99001,6.7782,6.99001,200
RCL,3/1/2013 00:00:00,6.7782,6.99001,6.7782,6.99001,1300
RCL,3/4/2013 00:00:00,7.28656,7.28656,6.39692,6.86292,6200
RCL,3/5/2013 00:00:00,7.15947,7.15947,6.56638,6.56638,500
RCL,3/6/2013 00:00:00,6.39692,6.94765,6.39692,6.90529,300
RCL,3/7/2013 00:00:00,6.90529,6.90529,6.90529,6.90529,100
RCL,3/11/2013 00:00:00,6.52401,6.90529,6.52401,6.90529,300
RCL,3/15/2013 00:00:00,6.90529,6.90529,6.90529,6.90529,200
RCL,3/18/2013 00:00:00,6.90529,6.94765,6.90529,6.94765,1100
RCL,3/19/2013 00:00:00,7.57116,7.57116,7.08126,7.08126,700
RCL,3/20/2013 00:00:00,7.52662,7.52662,7.52662,7.52662,100
RCL,3/21/2013 00:00:00,7.66023,7.66023,7.48209,7.48209,2100
RCL,3/22/2013 00:00:00,7.43755,7.43755,7.43755,7.43755,100
RCL,3/28/2013 00:00:00,7.1258,7.1258,6.99219,6.99219,2200
RCL,3/29/2013 00:00:00,6.81404,7.52662,6.81404,7.52662,4200
RCL,4/1/2013 00:00:00,7.1258,7.2594,7.1258,7.2594,700
RCL,4/2/2013 00:00:00,7.43755,7.48209,7.2594,7.48209,1300
RCL,4/3/2013 00:00:00,7.52662,7.61569,7.17033,7.48209,8700
RCL,4/4/2013 00:00:00,7.03672,7.03672,7.03672,7.03672,100
RCL,4/5/2013 00:00:00,7.34848,7.43755,7.34848,7.43755,200
RCL,4/8/2013 00:00:00,7.34848,7.52662,7.34848,7.52662,300
RCL,4/9/2013 00:00:00,7.66023,7.66023,7.1258,7.1258,200
RCL,4/10/2013 00:00:00,7.43755,7.43755,7.43755,7.43755,100
RCL,4/22/2013 00:00:00,7.21487,7.21487,7.1258,7.1258,1200
RCL,4/23/2013 00:00:00,7.43755,7.43755,7.43755,7.43755,100
RCL,4/25/2013 00:00:00,7.34848,7.52662,7.34848,7.52662,300
RCL,4/26/2013 00:00:00,7.52662,7.52662,7.52662,7.52662,100
RCL,5/2/2013 00:00:00,7.57116,7.57116,7.57116,7.57116,100
RCL,5/6/2013 00:00:00,7.48209,7.52662,7.48209,7.52662,200
RCL,5/8/2013 00:00:00,6.99219,7.57116,6.99219,7.57116,500
RCL,5/9/2013 00:00:00,7.66023,7.66023,7.66023,7.66023,100
RCL,5/13/2013 00:00:00,7.21487,7.52662,7.21487,7.52662,600
RCL,5/14/2013 00:00:00,7.1258,7.61569,7.1258,7.61569,800
RCL,5/15/2013 00:00:00,7.21487,7.57116,7.1258,7.57116,2500
RCL,5/16/2013 00:00:00,8.01652,8.01652,8.01652,8.01652,100
RCL,5/17/2013 00:00:00,7.43755,7.43755,7.43755,7.43755,100
RCL,5/21/2013 00:00:00,7.48209,7.48209,7.48209,7.48209,100
RCL,5/22/2013 00:00:00,7.21487,7.21487,7.1258,7.1258,1900
RCL,5/23/2013 00:00:00,7.1258,7.61569,7.1258,7.61569,400
RCL,5/24/2013 00:00:00,7.2594,7.57116,7.2594,7.57116,600
RCL,5/27/2013 00:00:00,7.88291,7.88291,7.61569,7.66023,1100
RCL,5/29/2013 00:00:00,7.34848,7.66023,7.17033,7.21487,2500
RCL,5/30/2013 00:00:00,7.61569,7.61569,7.1258,7.52662,4000
RCL,5/31/2013 00:00:00,7.2594,7.61569,7.21487,7.61569,700
RCL,6/3/2013 00:00:00,7.1258,7.48209,7.1258,7.48209,1100
RCL,6/4/2013 00:00:00,7.48209,7.48209,7.17033,7.48209,500
RCL,6/6/2013 00:00:00,7.48209,7.48209,7.17033,7.48209,1200
RCL,6/7/2013 00:00:00,7.21487,7.48209,7.21487,7.43755,300
RCL,6/10/2013 00:00:00,7.66023,7.70477,7.66023,7.70477,400
RCL,6/11/2013 00:00:00,7.61569,7.92745,7.61569,7.92745,5600
RCL,6/12/2013 00:00:00,7.97198,8.01652,7.97198,7.97198,6100
RCL,6/13/2013 00:00:00,7.97198,7.97198,7.97198,7.97198,4600
RCL,6/14/2013 00:00:00,7.97198,7.97198,7.97198,7.97198,1600
RCL,6/17/2013 00:00:00,7.97198,7.97198,7.97198,7.97198,3400
RCL,6/18/2013 00:00:00,8.15013,8.15013,8.01652,8.10559,1600
RCL,6/19/2013 00:00:00,7.97198,8.10559,7.97198,8.10559,6600
RCL,6/20/2013 00:00:00,8.19466,8.19466,8.19466,8.19466,100
RCL,6/21/2013 00:00:00,8.01652,8.01652,7.88291,7.88291,5500
RCL,6/24/2013 00:00:00,7.61569,7.97198,7.61569,7.97198,2100
RCL,6/25/2013 00:00:00,7.66023,7.7493,7.2594,7.7493,6800
RCL,6/26/2013 00:00:00,8.01652,8.01652,7.57116,7.92745,1000
RCL,6/28/2013 00:00:00,7.92745,7.92745,7.66023,7.92745,3000
RCL,7/3/2013 00:00:00,7.66023,7.83838,7.66023,7.83838,3700
RCL,7/4/2013 00:00:00,7.83838,7.83838,7.83838,7.83838,100
RCL,7/8/2013 00:00:00,7.57116,7.7493,7.57116,7.7493,3700
RCL,7/9/2013 00:00:00,8.01652,8.01652,8.01652,8.01652,100
RCL,7/12/2013 00:00:00,7.57116,7.88291,7.57116,7.88291,2100
RCL,7/15/2013 00:00:00,7.57116,7.57116,7.57116,7.57116,11200
RCL,7/16/2013 00:00:00,7.79384,7.79384,7.79384,7.79384,100
RCL,7/17/2013 00:00:00,7.57116,7.57116,7.57116,7.57116,2000
RCL,7/18/2013 00:00:00,7.61569,7.61569,7.57116,7.57116,10600
RCL,7/19/2013 00:00:00,7.61569,7.61569,7.57116,7.57116,11000
RCL,7/22/2013 00:00:00,7.57116,7.57116,7.57116,7.57116,6100
RCL,7/23/2013 00:00:00,7.61569,7.66023,7.61569,7.61569,4800
RCL,7/24/2013 00:00:00,7.66023,7.66023,7.61569,7.61569,7100
RCL,7/25/2013 00:00:00,7.57116,7.57116,7.57116,7.57116,3700
RCL,7/26/2013 00:00:00,7.92745,7.92745,7.2594,7.2594,200
RCL,7/29/2013 00:00:00,7.66023,7.66023,7.66023,7.66023,100
RCL,7/30/2013 00:00:00,7.34848,7.57116,7.21487,7.57116,4100
RCL,7/31/2013 00:00:00,7.57116,7.57116,7.57116,7.57116,15
RCL,8/1/2013 00:00:00,7.39301,7.57116,7.21487,7.57116,5100
RCL,8/2/2013 00:00:00,7.21487,7.57116,7.21487,7.57116,6900
RCL,8/5/2013 00:00:00,7.21487,7.2594,7.21487,7.2594,6100
RCL,8/6/2013 00:00:00,7.1258,7.1258,7.1258,7.1258,5000
RCL,8/7/2013 00:00:00,7.34848,7.34848,7.34848,7.34848,500
RCL,8/8/2013 00:00:00,7.34848,7.34848,7.34848,7.34848,1800
RCL,8/9/2013 00:00:00,7.1258,7.1258,7.1258,7.1258,7000
RCL,8/12/2013 00:00:00,7.66023,7.66023,7.66023,7.66023,100
RCL,8/13/2013 00:00:00,7.34848,7.34848,7.34848,7.34848,100
RCL,8/14/2013 00:00:00,7.34848,7.34848,7.34848,7.34848,100
RCL,8/15/2013 00:00:00,7.2594,7.2594,7.2594,7.2594,1100
RCL,8/19/2013 00:00:00,7.48209,7.48209,7.1258,7.1258,500
RCL,8/20/2013 00:00:00,7.21487,7.21487,7.1258,7.1258,5100
RCL,8/21/2013 00:00:00,7.1258,7.1258,7.1258,7.1258,7500
RCL,8/22/2013 00:00:00,7.1258,7.21487,7.1258,7.1258,11700
RCL,8/23/2013 00:00:00,7.1258,7.1258,7.1258,7.1258,11800
RCL,8/26/2013 00:00:00,7.03672,7.1258,7.03672,7.1258,5000
RCL,8/27/2013 00:00:00,7.03672,7.03672,7.03672,7.03672,900
RCL,8/28/2013 00:00:00,7.03672,7.03672,7.03672,7.03672,2000
RCL,8/29/2013 00:00:00,7.34848,7.34848,7.34848,7.34848,100
RCL,8/30/2013 00:00:00,7.03672,7.1258,7.03672,7.1258,600
RCL,9/3/2013 00:00:00,7.03672,7.03672,7.03672,7.03672,100
RCL,9/4/2013 00:00:00,7.1258,7.1258,7.1258,7.1258,2000
RCL,9/5/2013 00:00:00,7.1258,7.1258,7.03672,7.03672,3000
RCL,9/6/2013 00:00:00,7.08126,7.2594,7.08126,7.08126,600
RCL,9/9/2013 00:00:00,7.08126,7.1258,7.08126,7.08126,4200
RCL,9/10/2013 00:00:00,7.08126,7.08126,7.08126,7.08126,3900
RCL,9/11/2013 00:00:00,7.08126,7.08126,6.99219,7.03672,3500
RCL,9/12/2013 00:00:00,7.30394,7.30394,7.03672,7.03672,1900
RCL,9/13/2013 00:00:00,7.03672,7.03672,7.03672,7.03672,2100
RCL,9/16/2013 00:00:00,6.99219,6.99219,6.99219,6.99219,10000
RCL,9/17/2013 00:00:00,7.08126,7.08126,7.08126,7.08126,500
RCL,9/18/2013 00:00:00,7.08126,7.08126,7.08126,7.08126,500
RCL,9/19/2013 00:00:00,7.08126,7.08126,6.99219,6.99219,2300
RCL,9/23/2013 00:00:00,6.99219,7.1258,6.94765,7.1258,1100
RCL,9/24/2013 00:00:00,7.08126,7.21487,7.08126,7.21487,8500
RCL,9/25/2013 00:00:00,7.17033,7.17033,7.1258,7.1258,7800
RCL,9/26/2013 00:00:00,7.2594,7.2594,7.2594,7.2594,2000
RCL,9/27/2013 00:00:00,7.1258,7.1258,7.1258,7.1258,11300
RCL,9/30/2013 00:00:00,7.2594,7.70477,7.2594,7.70477,2100
RCL,10/2/2013 00:00:00,7.34848,7.52662,7.34848,7.52662,4900
RCL,10/3/2013 00:00:00,7.34848,7.7493,7.34848,7.7493,1100
RCL,10/4/2013 00:00:00,7.39301,7.70477,7.39301,7.70477,2200
RCL,10/16/2013 00:00:00,7.79384,7.79384,7.70477,7.70477,400
RCL,10/21/2013 00:00:00,7.88291,7.88291,7.88291,7.88291,110
RCL,10/22/2013 00:00:00,7.1258,7.79384,7.1258,7.79384,2100
RCL,10/23/2013 00:00:00,7.92745,7.92745,7.57116,7.92745,1700
RCL,10/24/2013 00:00:00,7.70477,7.70477,7.48209,7.48209,2200
RCL,10/25/2013 00:00:00,7.70477,7.70477,7.57116,7.57116,1500
RCL,10/28/2013 00:00:00,7.57116,7.57116,7.57116,7.57116,5500
RCL,10/29/2013 00:00:00,7.1258,7.57116,7.1258,7.57116,700
RCL,10/30/2013 00:00:00,7.57116,7.57116,7.57116,7.57116,1900
RCL,10/31/2013 00:00:00,7.57116,7.57116,7.21487,7.21487,15194
RCL,11/1/2013 00:00:00,7.57116,7.57116,7.57116,7.57116,100
RCL,11/4/2013 00:00:00,7.48209,7.48209,7.48209,7.48209,100
RCL,11/5/2013 00:00:00,7.48209,7.79384,7.48209,7.79384,11906
RCL,11/6/2013 00:00:00,7.57116,8.15013,7.57116,8.15013,4000
RCL,11/7/2013 00:00:00,7.57116,8.37281,7.57116,8.37281,2200
RCL,11/8/2013 00:00:00,7.57116,8.01652,7.57116,7.61569,2100
RCL,11/11/2013 00:00:00,7.92745,7.92745,7.92745,7.92745,200
RCL,11/12/2013 00:00:00,7.66023,7.92745,7.66023,7.92745,3000
RCL,11/13/2013 00:00:00,7.70477,7.70477,7.66023,7.70477,2900
RCL,11/14/2013 00:00:00,7.66023,7.7493,7.66023,7.7493,2564
RCL,11/15/2013 00:00:00,8.2392,8.32827,7.66023,8.32827,4356
RCL,11/18/2013 00:00:00,8.37281,8.37281,8.37281,8.37281,620
RCL,11/19/2013 00:00:00,8.37281,8.37281,8.2392,8.2392,1600
RCL,11/20/2013 00:00:00,8.2392,8.2392,8.2392,8.2392,5400
RCL,11/21/2013 00:00:00,8.41735,8.41735,8.19466,8.19466,4100
RCL,11/22/2013 00:00:00,8.15013,8.19466,8.15013,8.19466,5400
RCL,11/25/2013 00:00:00,8.2392,8.2392,8.15013,8.15013,4600
RCL,11/26/2013 00:00:00,8.10559,8.41735,8.10559,8.41735,800
RCL,11/27/2013 00:00:00,8.10559,8.37281,8.10559,8.37281,4216
RCL,11/28/2013 00:00:00,8.10559,8.15013,8.06106,8.15013,6900
RCL,11/29/2013 00:00:00,8.15013,8.15013,8.06106,8.06106,4700
RCL,12/2/2013 00:00:00,8.06106,8.06106,8.06106,8.06106,600
RCL,12/3/2013 00:00:00,8.06106,8.06106,8.06106,8.06106,2100
RCL,12/4/2013 00:00:00,8.10559,8.15013,8.10559,8.15013,400
RCL,12/5/2013 00:00:00,8.86271,8.86271,8.86271,8.86271,100
RCL,12/6/2013 00:00:00,8.64003,8.81817,8.64003,8.81817,4100
RCL,12/9/2013 00:00:00,8.64003,8.77364,8.64003,8.7291,6300
RCL,12/10/2013 00:00:00,8.64003,8.64003,8.64003,8.64003,5044
RCL,12/11/2013 00:00:00,8.55095,8.55095,8.55095,8.55095,1200
RCL,12/12/2013 00:00:00,8.46188,8.50642,8.46188,8.50642,3489
RCL,12/13/2013 00:00:00,8.50642,8.59549,8.50642,8.55095,6968
RCL,12/16/2013 00:00:00,8.46188,8.50642,8.46188,8.50642,4807
RCL,12/17/2013 00:00:00,8.50642,8.50642,8.10559,8.10559,5962
RCL,12/18/2013 00:00:00,8.86271,8.86271,8.10559,8.37281,2503
RCL,12/19/2013 00:00:00,8.37281,8.59549,8.37281,8.59549,1204
RCL,12/20/2013 00:00:00,8.77364,8.77364,8.59549,8.59549,4300
RCL,12/23/2013 00:00:00,8.64003,8.77364,8.59549,8.77364,6000
RCL,12/24/2013 00:00:00,8.59549,8.68456,8.59549,8.59549,1500
RCL,12/25/2013 00:00:00,8.64003,8.68456,8.59549,8.59549,4134
RCL,12/26/2013 00:00:00,8.88042,8.88042,8.64298,8.73796,5300
RCL,12/27/2013 00:00:00,8.83294,8.83294,8.83294,8.83294,900
RCL,12/30/2013 00:00:00,8.73796,8.73796,8.31056,8.31056,10600
RCL,12/31/2013 00:00:00,8.45302,8.64298,8.45302,8.64298,200
RCL,1/2/2014 00:00:00,8.69047,8.73796,8.69047,8.73796,3200
RCL,1/3/2014 00:00:00,8.78545,8.78545,8.78545,8.78545,1984
RCL,1/6/2014 00:00:00,8.83294,8.83294,8.78545,8.83294,900
RCL,1/7/2014 00:00:00,9.11787,9.11787,8.78545,8.78545,2405
RCL,1/8/2014 00:00:00,9.02289,9.02289,9.02289,9.02289,100
RCL,1/9/2014 00:00:00,9.02289,9.02289,9.02289,9.02289,1000
RCL,1/10/2014 00:00:00,8.78545,8.78545,8.78545,8.78545,4111
RCL,1/13/2014 00:00:00,9.26033,9.26033,8.88042,8.88042,1100
RCL,1/14/2014 00:00:00,9.26033,9.26033,9.07038,9.16536,9000
RCL,1/15/2014 00:00:00,9.73522,9.73522,9.73522,9.73522,200
RCL,1/16/2014 00:00:00,9.16536,9.16536,9.16536,9.16536,300
RCL,1/17/2014 00:00:00,9.16536,9.64025,9.11787,9.64025,1200
RCL,1/20/2014 00:00:00,10.1626,10.1626,10.1626,10.1626,100
RCL,1/21/2014 00:00:00,9.16536,9.16536,9.16536,9.16536,400
RCL,1/23/2014 00:00:00,9.97267,9.97267,9.16536,9.16536,200
RCL,1/24/2014 00:00:00,9.26033,9.26033,9.26033,9.26033,100
RCL,2/6/2014 00:00:00,9.30782,10.0676,9.30782,10.0676,3800
RCL,2/7/2014 00:00:00,9.97267,9.97267,9.73522,9.73522,1200
RCL,2/10/2014 00:00:00,9.73522,9.73522,9.73522,9.73522,1800
RCL,2/11/2014 00:00:00,9.97267,9.97267,9.73522,9.73522,10500
RCL,2/12/2014 00:00:00,9.73522,9.73522,9.73522,9.73522,4400
RCL,2/13/2014 00:00:00,10.4476,10.4476,10.4476,10.4476,400
RCL,2/14/2014 00:00:00,9.78271,9.8302,9.78271,9.8302,300
RCL,2/17/2014 00:00:00,9.97267,10.2101,9.97267,9.97267,3600
RCL,2/18/2014 00:00:00,10.0676,10.0676,10.0202,10.0676,2679
RCL,2/19/2014 00:00:00,10.2101,10.78,10.2101,10.78,5609
RCL,2/20/2014 00:00:00,10.78,10.78,10.4476,10.4476,4400
RCL,2/21/2014 00:00:00,10.4476,10.78,10.4476,10.78,2110
RCL,2/24/2014 00:00:00,11.3973,11.3973,10.78,10.78,1200
RCL,2/25/2014 00:00:00,11.1599,11.1599,10.8275,10.9224,1822
RCL,2/26/2014 00:00:00,10.9699,11.8722,10.9699,11.0174,5300
RCL,2/27/2014 00:00:00,11.0649,11.1124,11.0649,11.1124,1100
RCL,2/28/2014 00:00:00,11.1124,11.3024,11.1124,11.3024,18200
RCL,3/3/2014 00:00:00,11.1599,11.1599,11.1124,11.1124,2900
RCL,3/4/2014 00:00:00,11.1124,11.1124,11.1124,11.1124,5900
RCL,3/5/2014 00:00:00,11.8247,11.8247,11.8247,11.8247,100
RCL,3/6/2014 00:00:00,11.0174,11.0174,11.0174,11.0174,500
RCL,3/7/2014 00:00:00,11.0174,11.3973,11.0174,11.3973,900
RCL,3/10/2014 00:00:00,11.3973,11.3973,11.3973,11.3973,800
RCL,3/11/2014 00:00:00,11.3973,11.3973,11.3973,11.3973,600
RCL,3/12/2014 00:00:00,11.4448,11.4448,11.3973,11.3973,1690
RCL,3/13/2014 00:00:00,11.3973,11.3973,11.3973,11.3973,6300
RCL,3/14/2014 00:00:00,11.8722,11.8722,11.8722,11.8722,200
RCL,3/17/2014 00:00:00,12.2996,12.2996,11.4448,11.4448,249
RCL,3/18/2014 00:00:00,11.5398,11.8722,11.5398,11.8722,1900
RCL,3/19/2014 00:00:00,12.2647,13.0006,12.2647,13.0006,200
RCL,3/20/2014 00:00:00,12.2647,12.3628,12.2647,12.2647,3100
RCL,3/21/2014 00:00:00,12.3628,12.4609,12.3138,12.3138,2228
RCL,3/24/2014 00:00:00,12.559,12.559,12.51,12.559,2210
RCL,3/25/2014 00:00:00,12.559,12.559,12.559,12.559,2089
RCL,3/26/2014 00:00:00,13.0006,13.0496,12.559,12.559,13800
RCL,3/27/2014 00:00:00,12.6081,12.6081,12.559,12.559,5056
RCL,3/28/2014 00:00:00,12.559,12.559,12.559,12.559,100
RCL,3/31/2014 00:00:00,12.559,12.559,12.559,12.559,21
RCL,4/1/2014 00:00:00,12.51,12.51,12.4609,12.4609,5929
RCL,4/2/2014 00:00:00,12.3628,12.3628,12.3628,12.3628,4900
RCL,4/3/2014 00:00:00,12.2647,12.3628,12.2647,12.3628,2606
RCL,4/4/2014 00:00:00,11.6269,12.3138,11.6269,12.1666,4500
RCL,4/7/2014 00:00:00,12.2647,12.3628,11.725,12.3628,300
RCL,4/8/2014 00:00:00,13.1478,13.1478,13.1478,13.1478,182
RCL,4/14/2014 00:00:00,12.0685,12.1666,12.0685,12.1666,3700
RCL,4/15/2014 00:00:00,12.1666,12.2647,12.0685,12.1175,2182
RCL,4/16/2014 00:00:00,12.1175,12.1175,12.0685,12.0685,4700
RCL,4/17/2014 00:00:00,12.51,12.51,12.0194,12.0194,1200
RCL,4/18/2014 00:00:00,11.9213,11.9213,11.9213,11.9213,4600
RCL,4/21/2014 00:00:00,11.8232,11.8232,11.8232,11.8232,5800
RCL,4/22/2014 00:00:00,11.3326,11.725,11.3326,11.725,400
RCL,4/24/2014 00:00:00,12.7553,12.7553,12.7553,12.7553,100
RCL,4/25/2014 00:00:00,12.51,12.51,12.51,12.51,182
RCL,4/28/2014 00:00:00,12.51,12.51,12.51,12.51,100
RCL,4/29/2014 00:00:00,12.2647,12.2647,12.2156,12.2647,2200
RCL,5/5/2014 00:00:00,12.51,12.51,11.8232,11.8232,5600
RCL,5/6/2014 00:00:00,12.6081,12.6081,12.51,12.51,700
RCL,5/8/2014 00:00:00,11.8232,11.8232,11.2835,11.2835,10580
RCL,5/9/2014 00:00:00,11.2835,11.2835,11.2835,11.2835,6000
RCL,5/12/2014 00:00:00,11.1854,11.1854,10.3023,10.3514,12300
RCL,5/13/2014 00:00:00,10.7439,10.7439,10.7439,10.7439,100
RCL,5/15/2014 00:00:00,10.3023,10.7929,10.3023,10.7439,9202
RCL,5/16/2014 00:00:00,10.3514,10.3514,10.3023,10.3023,7500
RCL,5/19/2014 00:00:00,10.7929,10.7929,10.7439,10.7439,1100
RCL,5/20/2014 00:00:00,10.6948,10.7439,10.6948,10.7439,2600
RCL,5/21/2014 00:00:00,10.6948,10.7439,10.6948,10.7439,4000
RCL,5/22/2014 00:00:00,10.7439,10.7929,10.7439,10.7439,1800
RCL,5/23/2014 00:00:00,10.7439,11.2835,10.7439,10.7439,700
RCL,5/26/2014 00:00:00,11.725,11.725,11.725,11.725,100
RCL,5/30/2014 00:00:00,10.6948,10.7929,10.6458,10.6458,5400
RCL,6/2/2014 00:00:00,10.6458,10.6458,10.6458,10.6458,4600
RCL,6/3/2014 00:00:00,11.0382,11.0382,10.7929,10.7929,2100
RCL,6/4/2014 00:00:00,10.7929,10.7929,10.7929,10.7929,5700
RCL,6/5/2014 00:00:00,10.6948,10.7439,10.3514,10.3514,5600
RCL,6/6/2014 00:00:00,10.7929,10.7929,10.7929,10.7929,400
RCL,6/9/2014 00:00:00,10.7439,10.7439,10.4005,10.4005,6900
RCL,6/10/2014 00:00:00,10.7439,10.7439,10.7439,10.7439,100
RCL,6/12/2014 00:00:00,10.7929,10.7929,10.4495,10.4495,7100
RCL,6/13/2014 00:00:00,9.46834,10.7439,9.46834,10.7439,1900
RCL,6/16/2014 00:00:00,10.7439,10.7439,10.7439,10.7439,1000
RCL,6/17/2014 00:00:00,10.6948,10.7439,10.6948,10.7439,2500
RCL,6/18/2014 00:00:00,10.6948,10.6948,10.4005,10.4986,5900
RCL,6/19/2014 00:00:00,10.7439,10.7439,10.7439,10.7439,1000
RCL,6/20/2014 00:00:00,10.7929,10.7929,10.4495,10.7439,3200
RCL,6/24/2014 00:00:00,10.7929,10.7929,10.7439,10.7439,2800
RCL,6/25/2014 00:00:00,10.7439,10.7439,10.5967,10.7439,10100
RCL,6/26/2014 00:00:00,10.7439,10.7439,10.5967,10.7439,5936
RCL,6/27/2014 00:00:00,10.6948,10.6948,10.6948,10.6948,100
RCL,6/30/2014 00:00:00,11.4798,11.4798,11.4798,11.4798,142
RCL,7/1/2014 00:00:00,10.7929,10.7929,10.7929,10.7929,300
RCL,7/2/2014 00:00:00,11.4798,11.4798,10.7929,10.7929,300
RCL,7/3/2014 00:00:00,10.6948,10.7929,10.6948,10.7929,7600
RCL,7/4/2014 00:00:00,10.7929,10.7929,10.7929,10.7929,1100
RCL,7/7/2014 00:00:00,10.7439,11.4798,10.7439,10.7929,600
RCL,7/8/2014 00:00:00,10.7929,11.4798,10.7439,11.4798,1100
RCL,7/9/2014 00:00:00,10.7929,11.6269,10.7929,10.891,1200
RCL,7/10/2014 00:00:00,11.7741,11.7741,11.7741,11.7741,100
RCL,7/11/2014 00:00:00,10.891,10.891,10.891,10.891,300
RCL,7/14/2014 00:00:00,11.0382,11.0382,11.0382,11.0382,219
RCL,7/15/2014 00:00:00,11.0382,11.1363,11.0382,11.1363,600
RCL,7/16/2014 00:00:00,11.7741,11.7741,11.7741,11.7741,100
RCL,7/17/2014 00:00:00,10.9892,10.9892,10.9892,10.9892,100
RCL,7/18/2014 00:00:00,11.5288,11.5288,11.5288,11.5288,100
RCL,7/21/2014 00:00:00,11.2835,11.2835,11.0382,11.0382,2000
RCL,7/22/2014 00:00:00,11.4798,11.4798,11.0873,11.0873,200
RCL,7/23/2014 00:00:00,11.0873,11.0873,11.0873,11.0873,100
RCL,7/24/2014 00:00:00,11.725,11.725,11.1363,11.1363,200
RCL,7/25/2014 00:00:00,11.2835,11.2835,11.2835,11.2835,100
RCL,7/28/2014 00:00:00,11.2835,11.2835,11.0382,11.2345,5700
RCL,7/29/2014 00:00:00,10.1552,11.2835,10.1552,11.2835,3600
RCL,7/30/2014 00:00:00,11.4307,11.4307,11.0382,11.0382,4100
RCL,7/31/2014 00:00:00,12.0685,12.0685,11.0873,11.0873,2500
RCL,8/1/2014 00:00:00,11.4798,11.4798,11.0873,11.0873,3700
RCL,8/4/2014 00:00:00,10.008,11.2345,10.008,11.2345,1900
RCL,8/6/2014 00:00:00,11.2835,11.2835,11.2835,11.2835,1000
RCL,8/7/2014 00:00:00,11.676,11.725,11.676,11.725,1300
RCL,8/8/2014 00:00:00,11.725,11.725,11.725,11.725,2600
RCL,8/11/2014 00:00:00,11.7741,11.7741,11.725,11.725,6700
RCL,8/12/2014 00:00:00,11.725,11.725,11.725,11.725,300
RCL,8/13/2014 00:00:00,11.7741,11.7741,11.725,11.725,800
RCL,8/14/2014 00:00:00,11.7741,11.7741,11.7741,11.7741,1800
RCL,8/15/2014 00:00:00,12.2647,12.2647,12.2647,12.2647,114
RCL,8/18/2014 00:00:00,12.2647,12.2647,11.8232,12.0194,1300
RCL,8/19/2014 00:00:00,12.0194,12.0194,11.8722,11.8722,800
RCL,8/20/2014 00:00:00,11.8722,11.8722,11.8722,11.8722,1000
RCL,8/21/2014 00:00:00,12.2156,12.2156,11.9213,11.9213,800
RCL,8/22/2014 00:00:00,12.2156,12.2156,11.9703,11.9703,900
RCL,8/25/2014 00:00:00,11.9213,12.2647,11.9213,12.2647,6100
RCL,8/26/2014 00:00:00,12.0194,12.0194,11.9703,11.9703,1600
RCL,8/27/2014 00:00:00,12.0194,12.2647,12.0194,12.2647,6000
RCL,8/28/2014 00:00:00,12.1175,12.7553,12.1175,12.1175,5200
RCL,8/29/2014 00:00:00,12.1666,12.4609,12.1666,12.2647,9460
RCL,9/3/2014 00:00:00,12.3628,12.3628,12.3628,12.3628,600
RCL,9/4/2014 00:00:00,12.2156,12.4119,12.2156,12.4119,5200
RCL,9/5/2014 00:00:00,12.4609,12.7553,12.4609,12.7553,1912
RCL,9/8/2014 00:00:00,12.6572,12.6572,12.4609,12.4609,2948
RCL,9/9/2014 00:00:00,12.4609,12.4609,11.8232,11.8232,4400
RCL,9/10/2014 00:00:00,11.9703,11.9703,11.9703,11.9703,120
RCL,9/11/2014 00:00:00,10.7929,12.0685,10.7929,12.0685,912
RCL,9/12/2014 00:00:00,12.51,12.51,12.0685,12.0685,1400
RCL,9/16/2014 00:00:00,12.7553,12.8043,12.7553,12.8043,3420
RCL,9/17/2014 00:00:00,12.7553,12.7553,12.3138,12.3138,4260
RCL,9/18/2014 00:00:00,13.1752,13.1752,12.4151,12.4151,600
RCL,9/19/2014 00:00:00,13.1245,13.1245,12.4151,12.4151,200
RCL,9/22/2014 00:00:00,12.6685,12.6685,12.4151,12.4151,6100
RCL,9/23/2014 00:00:00,12.4151,12.6685,12.4151,12.4151,7500
RCL,9/24/2014 00:00:00,12.4151,12.5164,12.4151,12.4151,6300
RCL,9/25/2014 00:00:00,12.4151,12.4151,12.4151,12.4151,6400
RCL,9/26/2014 00:00:00,13.1752,13.1752,12.4151,12.4151,5300
RCL,9/29/2014 00:00:00,12.6685,12.6685,12.6685,12.6685,110
RCL,9/30/2014 00:00:00,12.4151,12.6178,12.4151,12.6178,1184
RCL,10/1/2014 00:00:00,12.6685,12.6685,12.6685,12.6685,900
RCL,10/2/2014 00:00:00,12.6685,13.1752,12.6685,13.1752,5816
RCL,10/3/2014 00:00:00,13.1752,13.1752,12.9218,13.1752,318
RCL,10/6/2014 00:00:00,12.7191,12.7191,12.7191,12.7191,5100
RCL,10/7/2014 00:00:00,12.7191,12.7191,12.7191,12.7191,5500
RCL,10/8/2014 00:00:00,12.7191,12.7191,12.7191,12.7191,4200
RCL,10/9/2014 00:00:00,12.7698,12.7698,12.6685,12.6685,11200
RCL,10/10/2014 00:00:00,12.6685,12.6685,12.6685,12.6685,4700
RCL,10/13/2014 00:00:00,13.1752,13.1752,12.6685,12.6685,210
RCL,10/14/2014 00:00:00,12.7191,12.7191,12.6685,12.6685,4800
RCL,10/15/2014 00:00:00,12.6685,12.6685,12.6685,12.6685,6400
RCL,10/16/2014 00:00:00,12.6685,12.7191,12.6685,12.7191,9100
RCL,10/17/2014 00:00:00,12.6685,12.7698,12.6685,12.7698,2176
RCL,10/20/2014 00:00:00,12.7698,13.0739,12.7698,13.0739,7100
RCL,10/21/2014 00:00:00,12.7698,13.1752,12.7698,13.1752,334
RCL,10/22/2014 00:00:00,12.6685,12.7698,12.6685,12.7698,400
RCL,10/23/2014 00:00:00,12.7698,12.7698,12.7191,12.7698,900
RCL,10/24/2014 00:00:00,12.6685,12.7698,12.6685,12.6685,11600
RCL,10/27/2014 00:00:00,12.6685,12.6685,12.6685,12.6685,2200
RCL,10/28/2014 00:00:00,12.4658,12.6685,12.4658,12.6685,4100
RCL,10/29/2014 00:00:00,13.1752,13.1752,12.7191,13.1752,440
RCL,10/30/2014 00:00:00,13.1752,13.1752,13.0232,13.0232,200
RCL,10/31/2014 00:00:00,13.1752,13.1752,12.5164,12.5164,1744
RCL,11/3/2014 00:00:00,12.8712,12.8712,12.5671,12.5671,1367
RCL,11/4/2014 00:00:00,12.6685,12.9218,12.6685,12.9218,2246
RCL,11/5/2014 00:00:00,12.6685,12.6685,12.6685,12.6685,4700
RCL,11/6/2014 00:00:00,12.4658,12.6685,12.4658,12.5671,6600
RCL,11/7/2014 00:00:00,12.9218,12.9218,12.4658,12.4658,800
RCL,11/10/2014 00:00:00,12.8712,12.8712,12.5671,12.5671,2703
RCL,11/11/2014 00:00:00,12.8205,12.8205,12.5164,12.5164,200
RCL,11/12/2014 00:00:00,12.5164,12.5164,12.5164,12.5164,2700
RCL,11/13/2014 00:00:00,12.5671,12.9725,12.5671,12.6178,4200
RCL,11/14/2014 00:00:00,12.5671,12.8712,11.503,11.655,20200
RCL,11/17/2014 00:00:00,12.1617,12.7191,11.8577,11.8577,14400
RCL,11/18/2014 00:00:00,11.503,13.0232,11.503,13.0232,35100
RCL,11/19/2014 00:00:00,13.0232,14.29,12.9725,13.7833,241412
RCL,11/20/2014 00:00:00,14.4421,14.8981,14.4421,14.8474,25720
RCL,11/21/2014 00:00:00,14.9488,14.9488,13.4286,14.1887,41145
RCL,11/24/2014 00:00:00,13.4286,13.4793,13.1752,13.1752,49600
RCL,11/25/2014 00:00:00,13.1245,13.6313,13.1245,13.6313,11100
RCL,11/26/2014 00:00:00,13.6819,13.6819,13.2259,13.2259,21143
RCL,11/27/2014 00:00:00,13.1752,13.4286,13.1752,13.1752,20200
RCL,11/28/2014 00:00:00,13.1752,13.8846,13.1752,13.6313,22300
RCL,12/1/2014 00:00:00,13.8846,13.8846,13.4793,13.4793,11900
RCL,12/2/2014 00:00:00,13.5299,13.6819,13.4793,13.6313,23249
RCL,12/3/2014 00:00:00,13.5299,13.8846,13.4793,13.8846,14700
RCL,12/4/2014 00:00:00,14.1887,14.1887,13.6819,13.8846,9900
RCL,12/5/2014 00:00:00,14.138,14.1887,13.8846,14.1887,13652
RCL,12/8/2014 00:00:00,14.138,14.138,13.6819,13.6819,7900
RCL,12/9/2014 00:00:00,13.6819,13.8846,13.4286,13.8846,21751
RCL,12/10/2014 00:00:00,13.8846,13.8846,13.8846,13.8846,29600
RCL,12/11/2014 00:00:00,13.8846,13.8846,13.6819,13.6819,7100
RCL,12/12/2014 00:00:00,14.138,14.1887,13.7326,14.1887,1710
RCL,12/15/2014 00:00:00,13.7326,13.7326,13.7326,13.7326,7700
RCL,12/16/2014 00:00:00,13.7326,14.0367,13.5299,14.0367,7400
RCL,12/17/2014 00:00:00,13.5299,13.5299,12.6685,13.1752,30700
RCL,12/18/2014 00:00:00,13.1752,13.1752,13.1752,13.1752,19808
RCL,12/19/2014 00:00:00,13.1752,13.1752,12.9218,12.9218,14500
RCL,12/22/2014 00:00:00,12.9218,13.1752,12.9218,13.1752,5587
RCL,12/23/2014 00:00:00,13.1752,13.1752,13.1752,13.1752,2000
RCL,12/24/2014 00:00:00,13.1752,13.1752,13.1752,13.1752,5220
RCL,12/25/2014 00:00:00,13.1752,13.1752,13.1752,13.1752,33
RCL,12/26/2014 00:00:00,13.0232,13.1752,13.0232,13.1752,8000
RCL,12/29/2014 00:00:00,12.7698,13.1752,12.7698,12.9725,13700
RCL,12/30/2014 00:00:00,12.9725,12.9725,12.9725,12.9725,2200
RCL,12/31/2014 00:00:00,12.9725,13.1752,12.9725,13.1752,2900
RCL,1/5/2015 00:00:00,13.5806,13.5806,13.0232,13.0232,256
RCL,1/6/2015 00:00:00,13.0232,13.5806,13.0232,13.5806,9544
RCL,1/7/2015 00:00:00,13.5299,13.5299,13.4793,13.4793,4300
RCL,1/8/2015 00:00:00,13.5806,13.5806,13.4793,13.4793,11300
RCL,1/9/2015 00:00:00,13.4793,13.5299,13.4793,13.5299,1600
RCL,1/12/2015 00:00:00,13.6819,13.6819,13.4793,13.4793,7500
RCL,1/13/2015 00:00:00,13.4793,13.4793,13.4793,13.4793,2567
RCL,1/14/2015 00:00:00,13.6313,13.6313,13.4793,13.4793,3033
RCL,1/15/2015 00:00:00,13.5806,13.5806,13.4793,13.5299,3000
RCL,1/16/2015 00:00:00,13.5806,13.5806,13.5806,13.5806,820
RCL,1/19/2015 00:00:00,13.6819,13.6819,13.6819,13.6819,214
RCL,1/20/2015 00:00:00,13.6819,13.6819,13.6819,13.6819,96
RCL,1/21/2015 00:00:00,13.5299,13.5299,13.5299,13.5299,5600
RCL,1/22/2015 00:00:00,13.3779,13.3779,13.3779,13.3779,5000
RCL,1/23/2015 00:00:00,13.5806,13.5806,13.4286,13.4286,200
RCL,1/26/2015 00:00:00,13.5806,13.6819,13.5806,13.6819,4500
RCL,1/27/2015 00:00:00,13.6313,13.7833,13.4793,13.7833,19666
RCL,1/29/2015 00:00:00,13.4793,13.6819,13.4793,13.6819,2089
RCL,1/30/2015 00:00:00,13.5806,13.6819,13.4793,13.6819,10400
RCL,2/2/2015 00:00:00,14.9488,14.9488,13.8846,13.8846,200
RCL,2/3/2015 00:00:00,13.6819,13.7326,13.6819,13.7326,6400
RCL,2/4/2015 00:00:00,14.3914,14.3914,13.6819,13.7326,400
RCL,2/5/2015 00:00:00,13.6819,13.7326,13.6819,13.7326,545
RCL,2/6/2015 00:00:00,13.9353,13.9353,13.6819,13.6819,610
RCL,2/9/2015 00:00:00,14.5434,14.5434,13.6819,13.7326,2800
RCL,2/10/2015 00:00:00,13.7326,13.9353,13.7326,13.9353,2600
RCL,2/11/2015 00:00:00,14.9995,14.9995,13.834,13.834,290
RCL,2/12/2015 00:00:00,14.7968,14.7968,13.9353,14.6954,5320
RCL,2/13/2015 00:00:00,13.4793,13.9353,13.4793,13.6313,10100
RCL,2/24/2015 00:00:00,13.5806,13.5806,13.5806,13.5806,4000
RCL,2/25/2015 00:00:00,13.5806,14.0873,13.4286,14.0873,7525
RCL,2/26/2015 00:00:00,13.5806,14.5434,13.5806,14.5434,1200
RCL,2/27/2015 00:00:00,14.5434,14.5434,14.5434,14.5434,8
RCL,3/2/2015 00:00:00,14.5941,14.5941,14.5941,14.5941,700
RCL,3/3/2015 00:00:00,13.9353,13.9353,13.9353,13.9353,200
RCL,3/4/2015 00:00:00,13.6313,13.6313,13.6313,13.6313,3200
RCL,3/5/2015 00:00:00,13.6313,13.6313,13.6313,13.6313,5031
RCL,3/6/2015 00:00:00,13.6313,13.6313,13.5806,13.5806,11107
RCL,3/9/2015 00:00:00,13.6313,13.6313,13.5806,13.6313,16400
RCL,3/10/2015 00:00:00,13.6313,13.6313,13.6313,13.6313,4300
RCL,3/11/2015 00:00:00,13.6313,13.6313,13.6313,13.6313,1652
RCL,3/12/2015 00:00:00,13.6819,13.9353,13.6313,13.6313,3910
RCL,3/13/2015 00:00:00,14.3407,14.4927,13.834,14.29,4800
RCL,3/16/2015 00:00:00,13.834,14.29,13.5299,13.5299,13200
RCL,3/17/2015 00:00:00,13.7326,13.834,13.7326,13.834,1100
RCL,3/18/2015 00:00:00,13.6819,14.0873,13.6819,13.9353,3700
RCL,3/19/2015 00:00:00,14.4421,14.4421,14.1887,14.1887,10926
RCL,3/20/2015 00:00:00,14.0844,14.293,14.0844,14.293,14800
RCL,3/23/2015 00:00:00,14.3452,14.3973,13.6149,14.2409,11100
RCL,3/24/2015 00:00:00,14.2409,14.2409,13.1976,14.1887,716
RCL,3/25/2015 00:00:00,13.5627,13.5627,13.5627,13.5627,100
RCL,3/26/2015 00:00:00,13.5627,13.9279,12.3108,13.9279,400
RCL,3/27/2015 00:00:00,13.8757,13.8757,13.3541,13.3541,1200
RCL,3/30/2015 00:00:00,13.98,13.98,13.4062,13.4062,1131
RCL,3/31/2015 00:00:00,12.2064,13.6149,12.2064,13.6149,6100
RCL,4/1/2015 00:00:00,13.0411,13.0411,13.0411,13.0411,100
RCL,4/2/2015 00:00:00,13.3019,13.3019,13.3019,13.3019,336
RCL,4/6/2015 00:00:00,12.3629,12.3629,12.3629,12.3629,100
RCL,4/7/2015 00:00:00,13.4584,13.4584,13.4584,13.4584,100
RCL,4/8/2015 00:00:00,14.5017,14.5017,13.8235,13.8235,1320
RCL,4/10/2015 00:00:00,13.5627,13.5627,13.5627,13.5627,700
RCL,4/13/2015 00:00:00,13.6149,13.6149,13.5627,13.5627,2000
RCL,4/14/2015 00:00:00,13.5627,13.5627,13.5627,13.5627,2000
RCL,4/15/2015 00:00:00,13.5627,13.5627,13.5627,13.5627,4748
RCL,4/16/2015 00:00:00,13.5627,13.6149,13.5627,13.5627,3900
RCL,4/21/2015 00:00:00,14.5017,14.5017,13.5627,13.5627,200
RCL,4/23/2015 00:00:00,13.8235,13.8235,13.8235,13.8235,900
RCL,4/27/2015 00:00:00,13.667,13.667,13.667,13.667,2400
RCL,5/4/2015 00:00:00,13.7192,13.7192,13.5627,13.6149,12100
RCL,5/5/2015 00:00:00,13.5627,13.6149,13.5627,13.6149,6500
RCL,5/6/2015 00:00:00,13.6149,13.6149,13.6149,13.6149,4940
RCL,5/7/2015 00:00:00,13.5627,13.667,13.5627,13.667,12100
RCL,5/8/2015 00:00:00,13.667,13.667,13.667,13.667,1500
RCL,5/11/2015 00:00:00,13.667,13.667,13.6149,13.6149,5891
RCL,5/12/2015 00:00:00,13.6149,13.667,13.6149,13.667,4800
RCL,5/13/2015 00:00:00,14.8147,14.8147,14.8147,14.8147,200
RCL,5/14/2015 00:00:00,13.6149,13.6149,13.6149,13.6149,1000
RCL,5/18/2015 00:00:00,13.6149,13.667,13.6149,13.667,25500
RCL,5/21/2015 00:00:00,13.667,13.667,13.667,13.667,2000
RCL,5/25/2015 00:00:00,13.6149,13.6149,13.5627,13.5627,3440
RCL,5/27/2015 00:00:00,13.5627,13.5627,13.5627,13.5627,10
RCL,5/28/2015 00:00:00,13.6149,13.6149,13.6149,13.6149,3000
RCL,5/29/2015 00:00:00,13.6149,13.6149,13.6149,13.6149,100
RCL,6/1/2015 00:00:00,13.667,13.7192,13.667,13.7192,200
RCL,6/3/2015 00:00:00,14.2409,14.2409,14.2409,14.2409,100
RCL,6/4/2015 00:00:00,13.7714,13.7714,13.7192,13.7714,12530
RCL,6/5/2015 00:00:00,13.7192,13.7192,13.6149,13.6149,6930
RCL,6/10/2015 00:00:00,13.7714,13.7714,13.667,13.667,200
RCL,6/11/2015 00:00:00,13.7192,13.7192,13.667,13.667,12400
RCL,6/15/2015 00:00:00,13.667,13.667,13.667,13.667,84
RCL,6/17/2015 00:00:00,13.7714,13.7714,13.7714,13.7714,3600
RCL,6/18/2015 00:00:00,13.7714,13.7714,13.7714,13.7714,400
RCL,6/24/2015 00:00:00,13.7714,13.7714,13.7714,13.7714,98
RCL,6/29/2015 00:00:00,13.7714,13.7714,13.667,13.7192,3300
RCL,6/30/2015 00:00:00,13.7714,13.7714,13.7714,13.7714,468
RCL,7/1/2015 00:00:00,13.3019,13.7714,13.3019,13.7714,1032
RCL,7/2/2015 00:00:00,13.7714,13.7714,13.7714,13.7714,600
RCL,7/3/2015 00:00:00,13.7714,13.7714,13.7714,13.7714,4800
RCL,7/6/2015 00:00:00,13.8235,13.8235,13.8235,13.8235,200
RCL,7/9/2015 00:00:00,13.7714,13.7714,13.7714,13.7714,4400
RCL,7/10/2015 00:00:00,13.7714,13.7714,13.7714,13.7714,2200
RCL,7/13/2015 00:00:00,13.7714,13.7714,13.7714,13.7714,100
RCL,7/14/2015 00:00:00,13.7714,13.8235,13.7714,13.8235,2100
RCL,7/15/2015 00:00:00,13.8235,13.8235,13.8235,13.8235,1900
RCL,7/16/2015 00:00:00,13.8235,13.8235,13.8235,13.8235,2233
RCL,7/17/2015 00:00:00,13.8235,13.8235,13.8235,13.8235,3600
RCL,7/22/2015 00:00:00,13.8235,13.8757,13.8235,13.8757,1530
RCL,7/23/2015 00:00:00,13.8235,13.8235,13.8235,13.8235,3000
RCL,7/24/2015 00:00:00,13.8235,13.8235,13.8235,13.8235,9
RCL,7/27/2015 00:00:00,13.7192,13.7192,13.7192,13.7192,5096
RCL,7/28/2015 00:00:00,13.6149,13.6149,13.6149,13.6149,900
RCL,7/29/2015 00:00:00,13.667,13.7714,13.667,13.7714,1700
RCL,7/30/2015 00:00:00,13.7192,13.7192,13.667,13.667,6707
RCL,8/4/2015 00:00:00,13.7192,13.7192,13.6149,13.6149,6300
RCL,8/5/2015 00:00:00,13.6149,13.6149,13.6149,13.6149,1400
RCL,8/6/2015 00:00:00,13.8235,13.8235,13.8235,13.8235,6864
RCL,8/7/2015 00:00:00,13.8235,14.0844,13.8235,13.8757,18400
RCL,8/10/2015 00:00:00,13.8757,13.8757,13.8757,13.8757,10500
RCL,8/11/2015 00:00:00,13.8757,13.8757,13.8757,13.8757,600
RCL,8/12/2015 00:00:00,13.9279,13.9279,13.9279,13.9279,525
RCL,8/13/2015 00:00:00,13.9279,13.9279,13.9279,13.9279,9700
RCL,8/14/2015 00:00:00,13.8235,13.8235,13.8235,13.8235,2000
RCL,8/17/2015 00:00:00,13.8235,13.8757,13.5627,13.5627,9200
RCL,8/18/2015 00:00:00,13.667,13.667,13.667,13.667,500
RCL,8/19/2015 00:00:00,13.667,13.667,13.667,13.667,2000
RCL,8/20/2015 00:00:00,13.667,13.667,13.667,13.667,2300
RCL,8/21/2015 00:00:00,13.667,13.667,13.667,13.667,5200
RCL,8/24/2015 00:00:00,13.667,13.667,13.6149,13.6149,13000
RCL,8/25/2015 00:00:00,13.5106,13.5106,13.5106,13.5106,500
RCL,8/27/2015 00:00:00,14.7625,14.7625,14.7625,14.7625,100
RCL,8/31/2015 00:00:00,13.3541,13.3541,13.3541,13.3541,300
RCL,9/3/2015 00:00:00,13.4584,13.4584,13.4584,13.4584,1100
RCL,9/4/2015 00:00:00,13.5106,13.5106,13.5106,13.5106,1500
RCL,9/14/2015 00:00:00,13.6149,13.6149,13.5106,13.5106,6100
RCL,9/15/2015 00:00:00,13.5106,13.5106,13.5106,13.5106,100
RCL,9/16/2015 00:00:00,13.5106,13.5106,13.5106,13.5106,5500
RCL,9/18/2015 00:00:00,13.4584,13.4584,13.4584,13.4584,3311
RCL,9/21/2015 00:00:00,13.5106,13.5106,13.5106,13.5106,200
RCL,9/22/2015 00:00:00,13.5627,13.5627,13.5627,13.5627,100
RCL,9/23/2015 00:00:00,13.5627,13.5627,13.5106,13.5106,1700
RCL,9/25/2015 00:00:00,13.5106,13.5106,13.5106,13.5106,2400
RCL,9/29/2015 00:00:00,13.5627,13.5627,13.5627,13.5627,530
RCL,10/2/2015 00:00:00,13.5106,13.5106,13.5106,13.5106,100
RCL,10/6/2015 00:00:00,14.4794,14.4794,14.4794,14.4794,100
RCL,10/7/2015 00:00:00,13.0799,13.0799,13.0799,13.0799,120
RCL,10/13/2015 00:00:00,13.4567,13.4567,13.4567,13.4567,600
RCL,10/15/2015 00:00:00,13.4567,13.4567,13.4567,13.4567,20
RCL,10/21/2015 00:00:00,12.1111,12.1111,12.1111,12.1111,200
RCL,10/22/2015 00:00:00,13.2952,13.2952,13.2952,13.2952,1500
RCL,10/23/2015 00:00:00,13.4567,13.4567,13.4567,13.4567,401
RCL,10/27/2015 00:00:00,13.5644,13.5644,13.5644,13.5644,168
RCL,10/28/2015 00:00:00,13.7259,13.7259,13.7259,13.7259,1000
RCL,10/30/2015 00:00:00,13.7259,13.7259,13.7259,13.7259,4400
RCL,11/2/2015 00:00:00,13.8335,13.8335,13.7797,13.7797,9420
RCL,11/5/2015 00:00:00,13.8335,13.8335,13.8335,13.8335,1100
RCL,11/9/2015 00:00:00,13.8335,13.8335,13.8335,13.8335,500
RCL,11/10/2015 00:00:00,13.7797,13.7797,13.7797,13.7797,5000
RCL,11/11/2015 00:00:00,13.8335,13.8335,13.8335,13.8335,1054
RCL,11/12/2015 00:00:00,13.8335,13.8335,13.8335,13.8335,2000
RCL,11/13/2015 00:00:00,13.8335,13.8335,13.8335,13.8335,4000
RCL,11/16/2015 00:00:00,13.8873,13.8873,13.7797,13.7797,2200
RCL,11/17/2015 00:00:00,13.8335,13.8335,13.8335,13.8335,10000
RCL,11/18/2015 00:00:00,13.8873,13.8873,13.8335,13.8873,8690
RCL,11/19/2015 00:00:00,13.8335,13.8335,13.8335,13.8335,4000
RCL,11/24/2015 00:00:00,13.7259,13.7259,13.7259,13.7259,1600
RCL,11/26/2015 00:00:00,13.7259,13.7259,13.7259,13.7259,4000
RCL,11/27/2015 00:00:00,13.7259,13.7259,13.7259,13.7259,32
RCL,11/30/2015 00:00:00,13.6182,13.6182,13.5644,13.5644,4320
RCL,12/1/2015 00:00:00,13.5644,13.5644,13.5644,13.5644,300
RCL,12/3/2015 00:00:00,13.4567,13.5106,13.4567,13.5106,900
RCL,12/7/2015 00:00:00,13.5106,13.5106,13.5106,13.5106,1000
RCL,12/8/2015 00:00:00,13.5106,13.5106,13.4567,13.5106,12000
RCL,12/9/2015 00:00:00,13.5106,13.5106,13.5106,13.5106,2900
RCL,12/10/2015 00:00:00,13.5644,13.5644,13.5106,13.5106,4900
RCL,12/14/2015 00:00:00,13.5106,13.5106,13.4567,13.4567,5800
RCL,12/15/2015 00:00:00,13.4567,13.4567,13.4567,13.4567,8600
RCL,12/18/2015 00:00:00,13.5106,13.5106,13.4567,13.4567,9400
RCL,12/21/2015 00:00:00,13.4567,13.4567,12.3802,12.3802,4400
RCL,12/23/2015 00:00:00,13.4567,13.4567,13.4567,13.4567,200
RCL,12/24/2015 00:00:00,12.1111,12.1111,12.1111,12.1111,100
RCL,12/25/2015 00:00:00,13.2952,13.2952,13.2952,13.2952,100
RCL,12/28/2015 00:00:00,12.0034,14.2641,12.0034,14.2641,200
RCL,12/29/2015 00:00:00,14.2641,14.2641,14.2641,14.2641,29
RCL,12/30/2015 00:00:00,13.5106,13.5106,13.5106,13.5106,1500
RCL,12/31/2015 00:00:00,13.5106,13.995,13.4567,13.995,8300
RCL,1/4/2016 00:00:00,13.5106,13.5106,13.5106,13.5106,4100
RCL,1/5/2016 00:00:00,13.5644,13.5644,13.5644,13.5644,1300
RCL,1/6/2016 00:00:00,13.5644,13.5644,13.5644,13.5644,3800
RCL,1/7/2016 00:00:00,13.6182,13.6182,13.6182,13.6182,3100
RCL,1/8/2016 00:00:00,13.672,13.672,13.672,13.672,3500
RCL,1/12/2016 00:00:00,13.9412,13.9412,13.9412,13.9412,100
RCL,1/14/2016 00:00:00,13.4567,13.4567,13.4567,13.4567,200
RCL,1/15/2016 00:00:00,13.5644,13.5644,13.5106,13.5106,2000
RCL,1/18/2016 00:00:00,13.5106,13.5106,13.5106,13.5106,3700
RCL,1/20/2016 00:00:00,12.7031,12.7031,12.7031,12.7031,100
RCL,1/22/2016 00:00:00,12.9723,12.9723,12.9723,12.9723,2200
RCL,1/27/2016 00:00:00,12.9723,12.9723,12.9723,12.9723,500
RCL,2/2/2016 00:00:00,14.2641,14.2641,14.2641,14.2641,200
RCL,2/16/2016 00:00:00,14.2641,14.8024,14.2641,14.8024,300
RCL,2/17/2016 00:00:00,13.3491,13.3491,13.3491,13.3491,100
RCL,2/18/2016 00:00:00,13.3491,13.3491,13.3491,13.3491,64
RCL,2/19/2016 00:00:00,13.3491,13.3491,13.3491,13.3491,20
RCL,2/22/2016 00:00:00,12.9185,13.0799,12.9185,13.0799,5100
RCL,2/23/2016 00:00:00,13.1338,13.1338,13.1338,13.1338,415
RCL,2/24/2016 00:00:00,13.1338,13.1338,13.1338,13.1338,220
RCL,2/25/2016 00:00:00,13.9129,13.9129,13.9129,13.9129,300
RCL,2/26/2016 00:00:00,13.9129,13.9129,13.9129,13.9129,10
RCL,2/29/2016 00:00:00,13.5233,13.5233,13.5233,13.5233,1800
RCL,3/3/2016 00:00:00,13.5233,13.5233,13.5233,13.5233,200
RCL,3/7/2016 00:00:00,13.5233,13.5233,13.5233,13.5233,200
RCL,3/9/2016 00:00:00,13.5233,13.5233,13.5233,13.5233,500
RCL,3/11/2016 00:00:00,13.9129,13.9129,13.9129,13.9129,1200
RCL,3/14/2016 00:00:00,13.9129,13.9129,13.9129,13.9129,500
RCL,3/22/2016 00:00:00,13.5233,13.5233,13.5233,13.5233,3000
RCL,3/28/2016 00:00:00,13.4677,13.4677,13.4677,13.4677,4000
RCL,3/30/2016 00:00:00,13.4677,13.4677,13.4677,13.4677,1600
RCL,4/1/2016 00:00:00,13.4677,13.4677,13.4677,13.4677,536
RCL,4/4/2016 00:00:00,13.4677,13.4677,13.4677,13.4677,64
RCL,4/6/2016 00:00:00,13.412,13.412,13.3564,13.3564,1400
RCL,4/7/2016 00:00:00,13.3564,13.412,13.3564,13.3564,3400
RCL,4/8/2016 00:00:00,13.0781,13.0781,13.0781,13.0781,100
RCL,4/11/2016 00:00:00,13.1894,14.2468,13.0781,14.2468,1200
RCL,4/12/2016 00:00:00,14.2468,14.2468,14.2468,14.2468,40
RCL,4/13/2016 00:00:00,12.8555,12.8555,12.8555,12.8555,100
RCL,4/19/2016 00:00:00,12.8555,12.8555,12.8555,12.8555,3000
RCL,4/20/2016 00:00:00,11.5755,13.3564,11.5755,13.3564,5200
RCL,4/21/2016 00:00:00,13.3564,13.3564,13.3564,13.3564,4600
RCL,4/25/2016 00:00:00,13.3564,13.3564,13.3564,13.3564,400
RCL,4/26/2016 00:00:00,13.0781,13.0781,12.7999,12.7999,5000
RCL,4/27/2016 00:00:00,12.5772,12.6329,12.5216,12.6329,4700
RCL,4/28/2016 00:00:00,12.4659,12.4659,12.4659,12.4659,400
RCL,5/5/2016 00:00:00,12.4103,12.4103,12.4103,12.4103,400
RCL,5/6/2016 00:00:00,12.5216,12.5216,12.5216,12.5216,200
RCL,5/11/2016 00:00:00,12.4103,12.4103,12.3546,12.3546,4000
RCL,5/12/2016 00:00:00,12.5216,12.5216,12.5216,12.5216,100
RCL,5/13/2016 00:00:00,12.5772,12.5772,12.5772,12.5772,300
RCL,5/17/2016 00:00:00,12.5772,12.5772,12.5772,12.5772,936
RCL,5/18/2016 00:00:00,13.3564,13.3564,12.7442,12.7442,200
RCL,5/19/2016 00:00:00,12.7999,13.4677,12.7999,12.7999,1200
RCL,5/20/2016 00:00:00,12.7999,12.7999,12.7999,12.7999,60
RCL,5/24/2016 00:00:00,12.8555,12.8555,12.7999,12.7999,2200
RCL,5/26/2016 00:00:00,12.8555,12.8555,12.7442,12.7442,8900
RCL,5/27/2016 00:00:00,12.9668,13.3007,12.9668,13.2451,2700
RCL,5/30/2016 00:00:00,13.0225,13.0225,12.9668,12.9668,4500
RCL,5/31/2016 00:00:00,12.8555,12.8555,12.7999,12.7999,6600
RCL,6/1/2016 00:00:00,12.7999,12.7999,12.7999,12.7999,4500
RCL,6/2/2016 00:00:00,12.7999,12.7999,12.6329,12.6329,7900
RCL,6/3/2016 00:00:00,12.0764,12.7999,12.0764,12.5216,2300
RCL,6/6/2016 00:00:00,12.5772,12.5772,12.3546,12.3546,6700
RCL,6/7/2016 00:00:00,12.4659,12.4659,12.3546,12.3546,1300
RCL,6/9/2016 00:00:00,12.3546,12.5216,12.3546,12.5216,1100
RCL,6/10/2016 00:00:00,12.299,12.299,12.299,12.299,100
RCL,6/13/2016 00:00:00,12.299,12.299,12.299,12.299,100
RCL,6/14/2016 00:00:00,12.299,12.3546,12.299,12.299,400
RCL,6/15/2016 00:00:00,12.2433,12.299,12.2433,12.299,1400
RCL,6/16/2016 00:00:00,12.2433,12.299,12.2433,12.299,300
RCL,6/17/2016 00:00:00,12.3546,12.3546,12.3546,12.3546,200
RCL,6/21/2016 00:00:00,12.3546,12.3546,12.3546,12.3546,100
RCL,6/22/2016 00:00:00,12.5216,12.5216,12.5216,12.5216,700
RCL,6/23/2016 00:00:00,12.4103,12.4103,12.4103,12.4103,100
RCL,6/24/2016 00:00:00,12.3546,12.3546,11.186,11.186,10100
RCL,6/27/2016 00:00:00,12.299,12.299,11.1303,11.1303,2600
RCL,6/28/2016 00:00:00,12.2433,12.2433,11.4086,11.4086,1600
RCL,6/29/2016 00:00:00,12.5216,12.5216,11.5199,11.5199,1200
RCL,6/30/2016 00:00:00,12.6329,12.6329,11.5755,11.5755,3900
RCL,7/1/2016 00:00:00,11.6312,11.6312,11.5755,11.5755,4000
RCL,7/4/2016 00:00:00,11.7425,12.4103,11.6868,12.4103,1900
RCL,7/5/2016 00:00:00,12.7442,12.7999,11.9651,11.9651,3600
RCL,7/6/2016 00:00:00,12.0207,12.0207,11.9094,11.9094,700
RCL,7/8/2016 00:00:00,11.9094,11.9651,11.9094,11.9651,1100
RCL,7/11/2016 00:00:00,13.1338,13.1338,12.0207,12.4103,4300
RCL,7/12/2016 00:00:00,13.0781,13.0781,12.6329,12.6329,228
RCL,7/13/2016 00:00:00,12.7999,12.7999,12.7999,12.7999,1000
RCL,7/14/2016 00:00:00,12.7999,13.0781,12.7999,13.0781,5000
RCL,7/15/2016 00:00:00,13.1894,13.1894,13.1894,13.1894,650
RCL,7/18/2016 00:00:00,13.3564,13.3564,13.3564,13.3564,3578
RCL,7/19/2016 00:00:00,13.3564,13.3564,12.7442,12.7442,5600
RCL,7/20/2016 00:00:00,13.5852,13.5852,11.9679,11.9679,600
RCL,7/21/2016 00:00:00,11.9679,12.0973,11.9679,12.0326,500
RCL,7/22/2016 00:00:00,11.9679,12.0326,11.9679,12.0326,1100
RCL,7/25/2016 00:00:00,12.2914,12.2914,12.0326,12.0326,1100
RCL,7/26/2016 00:00:00,12.162,12.2914,12.0326,12.0326,5200
RCL,7/27/2016 00:00:00,12.0973,12.3561,12.0326,12.2914,4900
RCL,7/28/2016 00:00:00,12.6148,12.9383,12.6148,12.6795,22500
RCL,7/29/2016 00:00:00,12.9383,13.003,12.6795,12.6795,5900
RCL,8/1/2016 00:00:00,11.7091,12.6795,11.7091,11.7738,6000
RCL,8/2/2016 00:00:00,11.9679,11.9679,11.9679,11.9679,1200
RCL,8/3/2016 00:00:00,11.9679,11.9679,11.9679,11.9679,500
RCL,8/5/2016 00:00:00,11.9679,12.162,11.9679,12.162,3300
RCL,8/8/2016 00:00:00,12.2914,12.2914,12.2914,12.2914,1964
RCL,8/9/2016 00:00:00,12.2914,12.2914,12.162,12.162,7320
RCL,8/10/2016 00:00:00,12.3561,12.3561,12.3561,12.3561,1000
RCL,8/11/2016 00:00:00,12.3561,12.3561,12.3561,12.3561,1500
RCL,8/16/2016 00:00:00,12.4207,12.4207,12.4207,12.4207,400
RCL,8/17/2016 00:00:00,12.4207,12.4207,12.3561,12.3561,1100
RCL,8/19/2016 00:00:00,12.4207,12.4207,12.4207,12.4207,100
RCL,8/22/2016 00:00:00,12.4207,12.4207,12.4207,12.4207,200
RCL,8/23/2016 00:00:00,12.3561,12.3561,12.3561,12.3561,200
RCL,8/25/2016 00:00:00,12.6148,12.6148,12.4207,12.4207,3400
RCL,8/26/2016 00:00:00,11.6444,12.6148,11.6444,12.6148,6400
RCL,8/29/2016 00:00:00,12.8736,12.9383,12.4854,12.6148,5000
RCL,8/30/2016 00:00:00,12.6148,12.8089,11.3857,12.8089,1800
RCL,8/31/2016 00:00:00,12.7442,12.9383,12.7442,12.9383,9600
RCL,9/1/2016 00:00:00,12.9383,12.9383,12.9383,12.9383,511
RCL,9/5/2016 00:00:00,12.9383,12.9383,12.6148,12.6148,5208
RCL,9/6/2016 00:00:00,12.9383,12.9383,12.9383,12.9383,4300
RCL,9/7/2016 00:00:00,12.9383,13.0677,12.9383,12.9383,2956
RCL,9/8/2016 00:00:00,12.9383,12.9383,12.9383,12.9383,10400
RCL,9/9/2016 00:00:00,12.9383,12.9383,12.9383,12.9383,10301
RCL,9/12/2016 00:00:00,13.003,13.003,13.003,13.003,500
RCL,9/13/2016 00:00:00,13.003,13.0677,13.003,13.0677,2000
RCL,9/16/2016 00:00:00,13.003,13.003,13.003,13.003,1000
RCL,9/19/2016 00:00:00,13.003,13.003,13.003,13.003,1000
RCL,9/20/2016 00:00:00,13.003,13.0677,13.003,13.0677,8300
RCL,9/22/2016 00:00:00,13.0677,13.0677,13.0677,13.0677,67
RCL,9/23/2016 00:00:00,13.0677,13.0677,13.0677,13.0677,100
RCL,9/26/2016 00:00:00,13.0677,13.0677,13.0677,13.0677,15000
RCL,9/27/2016 00:00:00,13.0677,13.0677,13.0677,13.0677,15000
RCL,9/28/2016 00:00:00,13.0677,13.1324,13.0677,13.1324,2800
RCL,9/29/2016 00:00:00,13.1324,13.1324,13.1324,13.1324,300
RCL,9/30/2016 00:00:00,13.0677,13.1324,13.0677,13.1324,12600
RCL,10/3/2016 00:00:00,13.1324,13.1324,13.0677,13.0677,800
RCL,10/4/2016 00:00:00,13.0677,13.2617,13.0677,13.2617,5000
RCL,10/5/2016 00:00:00,13.0677,13.0677,13.0677,13.0677,1000
RCL,10/6/2016 00:00:00,13.0677,13.2617,13.0677,13.2617,2500
RCL,10/7/2016 00:00:00,13.0677,13.3264,13.0677,13.3264,1400
RCL,10/10/2016 00:00:00,13.3264,13.3264,13.3264,13.3264,34
RCL,10/11/2016 00:00:00,13.197,13.197,13.197,13.197,200
RCL,10/13/2016 00:00:00,13.3264,13.3264,13.3264,13.3264,1500
RCL,10/14/2016 00:00:00,13.3911,13.3911,13.3911,13.3911,200
RCL,10/18/2016 00:00:00,13.4558,13.4558,13.4558,13.4558,1300
RCL,10/19/2016 00:00:00,14.7496,14.7496,13.5852,13.5852,642
RCL,10/20/2016 00:00:00,14.5556,14.5556,14.5556,14.5556,500
RCL,10/25/2016 00:00:00,13.9086,13.9086,13.9086,13.9086,100
RCL,10/26/2016 00:00:00,13.9086,13.9086,13.9086,13.9086,1000
RCL,10/27/2016 00:00:00,13.9086,13.9086,13.844,13.844,6000
RCL,10/31/2016 00:00:00,13.844,13.844,13.844,13.844,600
RCL,11/1/2016 00:00:00,13.844,13.844,13.844,13.844,1000
RCL,11/2/2016 00:00:00,13.844,13.844,13.844,13.844,1200
RCL,11/3/2016 00:00:00,13.844,13.844,13.844,13.844,600
RCL,11/4/2016 00:00:00,13.9086,13.9086,13.9086,13.9086,1000
RCL,11/7/2016 00:00:00,13.844,13.844,13.844,13.844,4800
RCL,11/8/2016 00:00:00,13.7146,13.9733,13.7146,13.9733,1700
RCL,11/9/2016 00:00:00,13.7793,13.7793,13.6499,13.6499,5800
RCL,11/10/2016 00:00:00,13.9086,13.9086,13.9086,13.9086,1000
RCL,11/11/2016 00:00:00,13.7793,13.7793,13.7793,13.7793,4800
RCL,11/15/2016 00:00:00,13.9733,13.9733,13.9086,13.9733,1100
RCL,11/17/2016 00:00:00,13.9733,13.9733,13.9733,13.9733,1000
RCL,11/22/2016 00:00:00,13.9733,13.9733,13.9733,13.9733,1680
RCL,11/23/2016 00:00:00,13.9733,13.9733,13.9733,13.9733,4800
RCL,11/24/2016 00:00:00,13.844,13.844,13.844,13.844,3600
RCL,11/25/2016 00:00:00,13.844,13.844,13.844,13.844,900
RCL,11/29/2016 00:00:00,13.7146,13.844,13.7146,13.7146,6333
RCL,11/30/2016 00:00:00,13.844,13.844,13.7793,13.7793,1000
RCL,12/1/2016 00:00:00,13.7793,13.9086,13.7793,13.9086,250
RCL,12/2/2016 00:00:00,13.9086,13.9086,13.9086,13.9086,700
RCL,12/5/2016 00:00:00,13.9733,14.1027,13.9733,14.1027,2100
RCL,12/6/2016 00:00:00,13.9733,13.9733,13.9733,13.9733,4800
RCL,12/8/2016 00:00:00,13.9733,13.9733,13.844,13.844,4800
RCL,12/9/2016 00:00:00,13.9086,14.2321,13.9086,13.9733,4900
RCL,12/12/2016 00:00:00,13.9086,13.9086,13.9086,13.9086,8000
RCL,12/14/2016 00:00:00,13.9086,13.9733,13.844,13.844,6100
RCL,12/19/2016 00:00:00,13.9086,14.5556,13.9086,14.5556,2200
RCL,12/20/2016 00:00:00,14.5556,14.8143,14.5556,14.8143,700
RCL,12/21/2016 00:00:00,14.8143,14.8143,14.8143,14.8143,700
RCL,12/22/2016 00:00:00,14.8143,14.8143,14.8143,14.8143,756
RCL,12/23/2016 00:00:00,14.8143,14.8143,14.8143,14.8143,1000
RCL,12/27/2016 00:00:00,14.7496,14.879,14.7496,14.879,744
RCL,12/28/2016 00:00:00,13.9086,13.9086,13.9086,13.9086,1015
RCL,12/29/2016 00:00:00,14.8143,14.879,14.7496,14.879,2373
RCL,12/30/2016 00:00:00,15.5259,15.5259,14.7496,15.2025,5727
RCL,1/3/2017 00:00:00,14.7496,14.879,14.7496,14.879,4300
RCL,1/4/2017 00:00:00,15.2025,15.2025,15.2025,15.2025,4401
RCL,1/5/2017 00:00:00,15.2025,15.2025,15.2025,15.2025,5400
RCL,1/6/2017 00:00:00,15.0731,15.2025,15.0731,15.0731,200
RCL,1/9/2017 00:00:00,15.3965,15.4612,15.3965,15.4612,500
RCL,1/11/2017 00:00:00,15.2025,15.2025,15.2025,15.2025,100
RCL,1/12/2017 00:00:00,15.0731,15.0731,15.0731,15.0731,4400
RCL,1/16/2017 00:00:00,14.879,14.879,14.879,14.879,100
RCL,1/17/2017 00:00:00,15.2025,15.2025,14.879,15.0084,6500
RCL,1/18/2017 00:00:00,15.2025,15.2025,15.2025,15.2025,1000
RCL,1/20/2017 00:00:00,14.879,15.2025,14.879,14.879,4591
RCL,1/23/2017 00:00:00,15.6553,15.6553,14.879,15.5259,2534
RCL,1/24/2017 00:00:00,15.5259,15.72,15.5259,15.72,8100
RCL,1/25/2017 00:00:00,15.5259,15.72,15.5259,15.72,7000
RCL,2/2/2017 00:00:00,15.72,15.72,15.72,15.72,23
RCL,2/3/2017 00:00:00,15.5259,15.5259,15.5259,15.5259,110
RCL,2/6/2017 00:00:00,15.5259,15.5259,15.5259,15.5259,400
RCL,2/7/2017 00:00:00,15.5259,15.5259,15.5259,15.5259,3146
RCL,2/8/2017 00:00:00,15.3965,15.3965,15.2672,15.2672,4420
RCL,2/9/2017 00:00:00,15.2672,15.2672,15.2672,15.2672,20
RCL,2/10/2017 00:00:00,15.2672,15.2672,15.2672,15.2672,40
RCL,2/13/2017 00:00:00,15.2672,15.5259,15.2672,15.5259,4500
RCL,2/14/2017 00:00:00,15.2025,15.2025,15.2025,15.2025,102
RCL,2/15/2017 00:00:00,15.1378,15.1378,15.1378,15.1378,4400
RCL,2/20/2017 00:00:00,15.5259,15.5259,15.0731,15.0731,500
RCL,2/21/2017 00:00:00,15.0084,15.0084,15.0084,15.0084,4300
RCL,2/22/2017 00:00:00,15.5259,15.5259,15.5259,15.5259,600
RCL,2/23/2017 00:00:00,14.879,15.5259,14.879,15.5259,4500
RCL,2/24/2017 00:00:00,15.5259,15.5259,15.5259,15.5259,1
RCL,2/27/2017 00:00:00,17.0785,17.0785,17.0785,17.0785,112
RCL,3/1/2017 00:00:00,16.8198,16.8198,16.8198,16.8198,200
RCL,3/6/2017 00:00:00,16.8198,16.8198,16.8198,16.8198,10
RCL,3/9/2017 00:00:00,16.4963,16.4963,16.4963,16.4963,564
RCL,3/10/2017 00:00:00,16.4963,16.4963,16.4963,16.4963,2
RCL,3/13/2017 00:00:00,16.4963,16.4963,16.4963,16.4963,10
RCL,3/15/2017 00:00:00,15.2375,15.2375,15.2375,15.2375,201
RCL,3/16/2017 00:00:00,15.9001,15.9001,15.9001,15.9001,600
RCL,3/17/2017 00:00:00,15.9001,15.9001,15.9001,15.9001,77
RCL,3/20/2017 00:00:00,15.9001,15.9001,15.9001,15.9001,33
RCL,3/21/2017 00:00:00,14.84,14.84,14.84,14.84,425
RCL,3/22/2017 00:00:00,15.9001,15.9001,15.9001,15.9001,320
RCL,3/28/2017 00:00:00,14.7075,14.7075,14.7075,14.7075,133
RCL,3/29/2017 00:00:00,15.9001,15.9001,15.9001,15.9001,5100
RCL,3/30/2017 00:00:00,14.84,14.84,14.84,14.84,200
RCL,3/31/2017 00:00:00,14.84,14.84,14.84,14.84,90
RCL,4/3/2017 00:00:00,15.2375,15.2375,15.2375,15.2375,600
RCL,4/11/2017 00:00:00,15.2375,15.2375,15.2375,15.2375,90
RCL,4/12/2017 00:00:00,13.9788,16.5626,13.9788,16.5626,266
RCL,4/17/2017 00:00:00,14.9063,16.5626,14.9063,16.5626,333
RCL,4/20/2017 00:00:00,14.9063,14.9063,14.9063,14.9063,1000
RCL,4/21/2017 00:00:00,14.9063,14.9063,14.9063,14.9063,20
RCL,4/27/2017 00:00:00,14.045,14.045,14.045,14.045,500
RCL,4/28/2017 00:00:00,12.72,13.9788,12.72,12.8525,3710
RCL,5/3/2017 00:00:00,14.045,14.045,14.045,14.045,200
RCL,5/4/2017 00:00:00,12.7863,12.7863,12.7863,12.7863,100
RCL,5/8/2017 00:00:00,11.7263,11.9913,11.7263,11.9913,700
RCL,5/9/2017 00:00:00,11.0638,11.5938,11.0638,11.5938,500
RCL,5/16/2017 00:00:00,11.5938,11.5938,11.5938,11.5938,500
RCL,5/17/2017 00:00:00,11.5938,11.5938,11.5938,11.5938,50
RCL,5/18/2017 00:00:00,11.925,11.925,11.925,11.925,1000
RCL,6/5/2017 00:00:00,11.13,11.13,11.13,11.13,2100
RCL,6/8/2017 00:00:00,11.1963,11.1963,11.1963,11.1963,100
RCL,6/16/2017 00:00:00,11.8588,11.925,11.8588,11.925,657
RCL,6/21/2017 00:00:00,11.2625,11.2625,11.2625,11.2625,217
RCL,6/22/2017 00:00:00,12.3225,12.3225,12.3225,12.3225,1700
RCL,6/23/2017 00:00:00,13.515,13.515,13.515,13.515,100
RCL,6/26/2017 00:00:00,14.2438,14.2438,12.19,13.25,900
RCL,6/27/2017 00:00:00,14.4425,14.4425,14.4425,14.4425,100
RCL,6/28/2017 00:00:00,14.4425,14.4425,13.3163,13.3163,300
RCL,6/30/2017 00:00:00,13.3163,13.3163,13.3163,13.3163,100
RCL,7/3/2017 00:00:00,13.3163,13.3163,13.3163,13.3163,100
RCL,7/4/2017 00:00:00,13.3163,13.3163,13.3163,13.3163,96
RCL,7/5/2017 00:00:00,14.6413,14.6413,13.3163,13.3163,700
RCL,7/6/2017 00:00:00,14.6413,14.6413,13.9125,13.9125,600
RCL,7/7/2017 00:00:00,13.9125,15.2375,13.9125,13.9125,800
RCL,7/10/2017 00:00:00,15.3038,15.3038,13.9125,13.9125,600
RCL,7/11/2017 00:00:00,15.2375,15.2375,13.9125,13.9125,600
RCL,7/12/2017 00:00:00,15.2375,15.2375,13.9788,13.9788,500
RCL,7/13/2017 00:00:00,15.1713,15.1713,15.1713,15.1713,100
RCL,7/14/2017 00:00:00,15.105,15.105,15.105,15.105,100
RCL,7/17/2017 00:00:00,15.2375,15.2375,15.2375,15.2375,100
RCL,7/18/2017 00:00:00,15.2375,15.2375,15.2375,15.2375,100
RCL,7/19/2017 00:00:00,15.2375,15.2375,13.9125,13.9125,2200
RCL,7/20/2017 00:00:00,15.2375,15.2375,13.9125,13.9125,864
RCL,7/21/2017 00:00:00,15.2375,15.2375,13.9788,13.9788,400
RCL,7/24/2017 00:00:00,15.2375,15.2375,15.2375,15.2375,232
RCL,7/25/2017 00:00:00,14.575,14.575,13.9788,13.9788,263
RCL,7/26/2017 00:00:00,14.575,14.575,13.9788,13.9788,500
RCL,7/27/2017 00:00:00,14.3763,14.3763,14.3763,14.3763,600
RCL,7/28/2017 00:00:00,14.575,14.575,14.575,14.575,100
RCL,8/1/2017 00:00:00,14.575,14.575,14.575,14.575,100
RCL,8/2/2017 00:00:00,14.5088,14.5088,14.5088,14.5088,100
RCL,8/3/2017 00:00:00,14.575,14.575,14.575,14.575,100
RCL,8/4/2017 00:00:00,14.575,14.575,14.575,14.575,100
RCL,8/7/2017 00:00:00,14.5088,14.5088,13.9125,13.9125,5100
RCL,8/8/2017 00:00:00,14.575,14.575,14.575,14.575,100
RCL,8/9/2017 00:00:00,13.9125,13.9125,13.9125,13.9125,200
RCL,8/10/2017 00:00:00,13.9125,13.9125,13.9125,13.9125,200
RCL,8/11/2017 00:00:00,13.9125,13.9125,13.9125,13.9125,31
RCL,8/14/2017 00:00:00,13.9125,13.9125,13.9125,13.9125,200
RCL,8/15/2017 00:00:00,13.9125,13.9125,13.9125,13.9125,700
RCL,8/16/2017 00:00:00,13.9125,13.9125,13.9125,13.9125,650
RCL,8/22/2017 00:00:00,12.6538,12.6538,12.6538,12.6538,500
RCL,8/24/2017 00:00:00,12.6538,12.6538,12.6538,12.6538,20
RCL,8/29/2017 00:00:00,12.6538,12.6538,12.6538,12.6538,100
RCL,8/31/2017 00:00:00,13.7138,13.7138,13.7138,13.7138,100
RCL,9/1/2017 00:00:00,13.7138,13.7138,13.7138,13.7138,60
RCL,9/5/2017 00:00:00,13.78,13.78,13.78,13.78,200
RCL,9/6/2017 00:00:00,14.7738,14.7738,14.7738,14.7738,100
RCL,9/8/2017 00:00:00,16.0988,16.0988,13.3163,13.3163,606
RCL,9/11/2017 00:00:00,14.575,14.575,14.575,14.575,100
RCL,9/13/2017 00:00:00,15.7013,15.7013,15.7013,15.7013,100
RCL,9/20/2017 00:00:00,14.1775,14.1775,14.1775,14.1775,2100
RCL,9/21/2017 00:00:00,15.5688,15.5688,12.7863,12.7863,300
RCL,9/22/2017 00:00:00,12.7863,12.7863,12.7863,12.7863,32
RCL,9/25/2017 00:00:00,13.25,13.25,13.25,13.25,3500
RCL,9/27/2017 00:00:00,13.25,13.25,13.25,13.25,2
RCL,10/3/2017 00:00:00,13.9125,13.9125,13.9125,13.9125,5160
RCL,10/12/2017 00:00:00,14.9063,14.9063,14.9063,14.9063,100
RCL,10/13/2017 00:00:00,13.4488,13.4488,13.4488,13.4488,9400
RCL,10/17/2017 00:00:00,13.4488,13.4488,13.4488,13.4488,31
RCL,10/18/2017 00:00:00,13.3825,13.4488,13.3825,13.4488,5200
RCL,10/19/2017 00:00:00,12.9188,12.9188,12.9188,12.9188,8100
RCL,10/20/2017 00:00:00,12.9188,12.9188,12.9188,12.9188,13356
RCL,10/24/2017 00:00:00,12.9188,12.9188,12.9188,12.9188,16
RCL,10/25/2017 00:00:00,13.1175,13.1175,12.985,12.985,800
RCL,11/7/2017 00:00:00,14.1113,14.1113,14.1113,14.1113,100
RCL,11/15/2017 00:00:00,12.8525,12.8525,12.8525,12.8525,100
RCL,11/16/2017 00:00:00,13.9125,13.9125,13.9125,13.9125,100
RCL,11/21/2017 00:00:00,13.9125,13.9125,13.9125,13.9125,99
RCL,11/27/2017 00:00:00,14.575,14.575,14.575,14.575,20000
RCL,11/28/2017 00:00:00,13.9125,13.9125,13.9125,13.9125,500
RCL,11/29/2017 00:00:00,15.1713,15.1713,15.1713,15.1713,100
RCL,11/30/2017 00:00:00,16.2313,16.2313,16.2313,16.2313,100
RCL,12/5/2017 00:00:00,14.7075,14.7075,14.6413,14.6413,300
RCL,12/6/2017 00:00:00,13.3825,14.5088,13.25,14.5088,9100
RCL,12/7/2017 00:00:00,13.3163,13.3163,13.3163,13.3163,6600
RCL,12/8/2017 00:00:00,13.25,14.575,13.25,14.575,11604
RCL,12/11/2017 00:00:00,13.1175,13.3163,13.1175,13.3163,11900
RCL,12/12/2017 00:00:00,13.3163,13.3163,13.25,13.3163,3500
RCL,12/13/2017 00:00:00,13.3163,13.3163,13.3163,13.3163,9200
RCL,12/14/2017 00:00:00,13.3163,13.3163,13.3163,13.3163,6500
RCL,12/15/2017 00:00:00,13.3163,13.3163,13.3163,13.3163,4300
RCL,12/18/2017 00:00:00,13.3163,13.3163,13.3163,13.3163,3000
RCL,12/22/2017 00:00:00,12.9188,12.9188,12.9188,12.9188,2400
RCL,12/26/2017 00:00:00,13.3825,13.6475,13.3825,13.6475,7600
RCL,12/27/2017 00:00:00,13.25,13.6475,13.25,13.6475,1300
RCL,12/28/2017 00:00:00,14.84,14.84,14.84,14.84,100
RCL,1/2/2018 00:00:00,13.3825,13.3825,13.3825,13.3825,916
RCL,1/3/2018 00:00:00,13.25,13.4488,13.25,13.4488,5100
RCL,1/5/2018 00:00:00,13.4488,13.4488,13.4488,13.4488,2100
RCL,1/8/2018 00:00:00,12.5875,13.5813,12.5875,13.5813,774
RCL,1/10/2018 00:00:00,13.5813,13.5813,13.5813,13.5813,8700
RCL,1/12/2018 00:00:00,13.5813,13.5813,13.5813,13.5813,100
RCL,1/16/2018 00:00:00,13.5813,13.5813,13.5813,13.5813,24
RCL,1/18/2018 00:00:00,13.5813,13.5813,13.5813,13.5813,24
RCL,1/22/2018 00:00:00,13.6495,13.6495,13.6495,13.6495,100
RCL,1/25/2018 00:00:00,12.2846,12.3528,12.2846,12.3528,55539
RCL,1/26/2018 00:00:00,12.3528,12.3528,12.3528,12.3528,100
RCL,1/29/2018 00:00:00,11.6704,12.6258,11.6704,12.6258,146100
RCL,1/30/2018 00:00:00,12.6258,12.6258,12.6258,12.6258,2940
RCL,1/31/2018 00:00:00,11.8751,13.513,11.8751,13.4448,299500
RCL,2/1/2018 00:00:00,13.5813,13.5813,13.5813,13.5813,2300
RCL,2/5/2018 00:00:00,13.3083,13.3083,13.3083,13.3083,1000
RCL,2/6/2018 00:00:00,13.6495,13.6495,13.6495,13.6495,500
RCL,2/7/2018 00:00:00,13.6495,13.6495,13.6495,13.6495,253
RCL,2/21/2018 00:00:00,15.0145,15.0145,14.332,14.332,313
RCL,2/23/2018 00:00:00,14.5368,14.5368,14.5368,14.5368,100
RCL,2/28/2018 00:00:00,13.1718,13.1718,13.1718,13.1718,200
RCL,3/2/2018 00:00:00,11.8751,11.8751,11.8751,11.8751,154
RCL,3/9/2018 00:00:00,12.4893,12.5576,12.4211,12.4211,2000
RCL,3/12/2018 00:00:00,12.7623,12.7623,12.7623,12.7623,100
RCL,3/13/2018 00:00:00,12.8306,12.8306,12.8306,12.8306,196
RCL,3/14/2018 00:00:00,12.8306,12.8988,12.8306,12.8988,6300
RCL,3/15/2018 00:00:00,12.6941,14.1273,12.6941,14.1273,700
RCL,3/16/2018 00:00:00,13.4209,13.4209,13.4209,13.4209,300
RCL,3/19/2018 00:00:00,14.763,14.763,14.5511,14.5511,256
RCL,3/20/2018 00:00:00,13.4209,13.4209,13.4209,13.4209,356
RCL,3/28/2018 00:00:00,13.4209,13.4209,13.4209,13.4209,100
RCL,3/29/2018 00:00:00,13.4209,13.4209,13.4209,13.4209,100
RCL,3/30/2018 00:00:00,13.4209,13.4209,13.4209,13.4209,1100
RCL,4/2/2018 00:00:00,13.4209,13.4209,13.4209,13.4209,300
RCL,4/4/2018 00:00:00,14.763,14.763,14.763,14.763,100
RCL,4/5/2018 00:00:00,13.4209,13.4209,13.4209,13.4209,500
RCL,4/6/2018 00:00:00,13.4209,14.763,13.4209,14.763,2100
RCL,4/10/2018 00:00:00,15.8932,15.8932,14.1273,14.1273,400
RCL,4/11/2018 00:00:00,14.1979,14.1979,14.1979,14.1979,1400
RCL,4/12/2018 00:00:00,14.2685,14.5511,14.1273,14.5511,13500
RCL,4/13/2018 00:00:00,14.5511,14.763,14.5511,14.763,8800
RCL,4/16/2018 00:00:00,14.763,15.1162,14.763,15.1162,4700
RCL,4/17/2018 00:00:00,15.8225,16.2464,15.8225,16.2464,2300
RCL,4/19/2018 00:00:00,15.3987,16.1757,15.3281,16.1757,2400
RCL,4/20/2018 00:00:00,15.3987,15.3987,15.3987,15.3987,38000
RCL,4/23/2018 00:00:00,16.2464,16.2464,16.1757,16.1757,1200
RCL,5/7/2018 00:00:00,14.763,14.763,14.763,14.763,300
RCL,5/8/2018 00:00:00,14.8336,14.8336,14.8336,14.8336,8200
RCL,5/9/2018 00:00:00,16.317,16.317,14.8336,14.8336,300
RCL,5/10/2018 00:00:00,16.317,16.317,14.8336,14.8336,200
RCL,5/14/2018 00:00:00,14.6924,14.6924,14.5511,14.5511,1500
RCL,5/15/2018 00:00:00,14.5511,14.6217,14.5511,14.6217,1000
RCL,5/16/2018 00:00:00,14.6217,14.6217,14.6217,14.6217,500
RCL,5/18/2018 00:00:00,14.5511,15.54,14.5511,15.54,800
RCL,5/21/2018 00:00:00,15.3987,15.3987,15.3987,15.3987,1500
RCL,5/22/2018 00:00:00,15.1868,15.1868,15.1868,15.1868,300
RCL,5/23/2018 00:00:00,15.1868,15.1868,15.1868,15.1868,1000
RCL,5/24/2018 00:00:00,15.1868,15.54,15.1868,15.54,21000
RCL,5/31/2018 00:00:00,15.4694,15.54,15.4694,15.54,8400
RCL,6/1/2018 00:00:00,15.3987,15.54,15.3987,15.54,26700
RCL,6/4/2018 00:00:00,15.54,15.54,15.54,15.54,100
RCL,6/5/2018 00:00:00,15.4694,15.4694,15.4694,15.4694,1000
RCL,6/6/2018 00:00:00,15.4694,15.4694,15.2575,15.2575,800
RCL,6/7/2018 00:00:00,15.2575,15.2575,15.2575,15.2575,500
RCL,6/8/2018 00:00:00,15.2575,15.54,15.2575,15.4694,13000
RCL,6/13/2018 00:00:00,15.3987,15.4694,15.3281,15.3281,6400
RCL,6/14/2018 00:00:00,15.4694,15.4694,15.4694,15.4694,3200
RCL,6/15/2018 00:00:00,15.4694,15.4694,15.4694,15.4694,12400
RCL,6/18/2018 00:00:00,15.4694,15.4694,15.4694,15.4694,400
RCL,6/19/2018 00:00:00,15.4694,15.4694,15.4694,15.4694,9600
RCL,6/21/2018 00:00:00,15.3987,15.3987,15.3987,15.3987,100
RCL,6/29/2018 00:00:00,15.54,15.54,15.54,15.54,3700
RCL,7/3/2018 00:00:00,17.094,17.094,17.094,17.094,500
RCL,7/4/2018 00:00:00,15.54,15.54,15.4694,15.4694,700
RCL,7/17/2018 00:00:00,15.54,15.54,15.54,15.54,1200
RCL,7/25/2018 00:00:00,15.54,15.54,15.54,15.54,1000
RCL,8/1/2018 00:00:00,15.54,15.54,15.54,15.54,1000
RCL,8/3/2018 00:00:00,14.1273,14.1273,14.1273,14.1273,200
RCL,8/8/2018 00:00:00,14.5511,14.5511,14.5511,14.5511,1500
RCL,8/13/2018 00:00:00,14.4805,14.4805,14.4805,14.4805,600
RCL,8/15/2018 00:00:00,14.1273,14.1273,14.1273,14.1273,30000
RCL,8/17/2018 00:00:00,15.54,15.54,15.54,15.54,100
RCL,8/22/2018 00:00:00,17.094,17.094,17.094,17.094,100
RCL,8/27/2018 00:00:00,15.4694,15.4694,15.4694,15.4694,600
RCL,8/28/2018 00:00:00,16.5995,16.5995,16.5995,16.5995,100
RCL,9/6/2018 00:00:00,15.1162,15.1162,15.1162,15.1162,100
RCL,9/10/2018 00:00:00,15.1162,15.1162,15.1162,15.1162,400
RCL,9/17/2018 00:00:00,16.4583,16.4583,16.4583,16.4583,100
RCL,9/21/2018 00:00:00,15.54,15.54,15.54,15.54,600
RCL,9/25/2018 00:00:00,14.4805,14.4805,14.4805,14.4805,1100
RCL,9/26/2018 00:00:00,14.4805,14.5511,14.4805,14.5511,200
RCL,9/27/2018 00:00:00,15.9638,15.9638,15.8932,15.9638,1800
RCL,9/28/2018 00:00:00,17.5178,17.5178,17.5178,17.5178,100
RCL,10/1/2018 00:00:00,16.2464,16.2464,16.2464,16.2464,1800
RCL,10/5/2018 00:00:00,15.8932,16.5995,15.8932,16.5995,700
RCL,10/12/2018 00:00:00,15.54,15.54,15.54,15.54,100
RCL,10/16/2018 00:00:00,15.54,15.54,15.54,15.54,1000
RCL,10/17/2018 00:00:00,15.54,15.54,15.54,15.54,900
RCL,10/26/2018 00:00:00,16.8115,16.8115,14.9749,14.9749,300
RCL,10/29/2018 00:00:00,16.2464,16.2464,16.2464,16.2464,100
RCL,10/30/2018 00:00:00,14.6217,14.6217,14.6217,14.6217,100
RCL,11/2/2018 00:00:00,16.0345,16.0345,16.0345,16.0345,100
RCL,11/5/2018 00:00:00,14.5511,14.5511,14.5511,14.5511,100
RCL,11/9/2018 00:00:00,15.9638,15.9638,13.4915,13.4915,200
RCL,11/12/2018 00:00:00,14.8336,14.8336,14.8336,14.8336,100
RCL,11/14/2018 00:00:00,16.317,16.317,13.7741,13.7741,200
RCL,11/16/2018 00:00:00,15.1162,15.1162,13.5622,13.5622,200
RCL,11/30/2018 00:00:00,14.9043,14.9043,12.5733,12.5733,200
RCL,12/4/2018 00:00:00,13.7741,13.7741,13.7741,13.7741,100
RCL,12/6/2018 00:00:00,15.1162,15.1162,15.1162,15.1162,100
RCL,12/7/2018 00:00:00,16.5995,16.5995,16.5995,16.5995,100
RCL,12/10/2018 00:00:00,18.2242,18.2242,15.54,15.54,200
RCL,12/11/2018 00:00:00,17.094,17.094,15.54,15.54,200
RCL,12/12/2018 00:00:00,17.094,17.094,15.54,15.54,200
RCL,12/13/2018 00:00:00,17.094,17.094,15.6813,15.6813,200
RCL,12/14/2018 00:00:00,15.7519,15.7519,15.7519,15.7519,100
RCL,12/17/2018 00:00:00,17.3059,17.3059,15.54,15.54,200
RCL,12/18/2018 00:00:00,17.094,17.094,17.094,17.094,100
RCL,12/24/2018 00:00:00,18.7893,18.7893,18.7893,18.7893,100
RCL,12/25/2018 00:00:00,16.9527,16.9527,16.9527,16.9527,200
RCL,12/26/2018 00:00:00,18.648,18.648,18.648,18.648,100
RCL,12/28/2018 00:00:00,20.4845,20.4845,18.3655,18.3655,200
RCL,1/4/2019 00:00:00,16.5507,16.5507,16.5507,16.5507,500
RCL,1/7/2019 00:00:00,18.1477,18.1477,18.1477,18.1477,100
RCL,1/16/2019 00:00:00,16.6959,16.6959,16.6959,16.6959,1500
RCL,1/18/2019 00:00:00,18.3655,18.3655,18.3655,18.3655,100
RCL,1/25/2019 00:00:00,20.1802,20.1802,20.1802,20.1802,100
RCL,1/28/2019 00:00:00,18.2203,18.2203,18.2203,18.2203,200
RCL,2/13/2019 00:00:00,17.4218,17.4218,17.4218,17.4218,100
RCL,2/18/2019 00:00:00,16.3329,16.3329,16.3329,16.3329,100
RCL,2/21/2019 00:00:00,15.3166,15.3166,15.3166,15.3166,1900
RCL,3/4/2019 00:00:00,16.8411,16.8411,16.8411,16.8411,600
RCL,3/5/2019 00:00:00,18.5106,18.5106,15.3166,15.3166,200
RCL,3/14/2019 00:00:00,16.8183,16.8183,16.8183,16.8183,100
RCL,3/15/2019 00:00:00,18.4701,18.4701,18.4701,18.4701,100
RCL,3/18/2019 00:00:00,17.2688,17.2688,17.2688,17.2688,200
RCL,3/19/2019 00:00:00,18.9956,18.9956,15.7671,15.7671,400
RCL,3/20/2019 00:00:00,17.3438,17.3438,15.0914,15.0914,300
RCL,3/22/2019 00:00:00,16.593,16.593,16.593,16.593,100
RCL,3/25/2019 00:00:00,18.2448,18.2448,16.1425,16.1425,800
RCL,3/26/2019 00:00:00,17.7193,17.7193,16.1425,16.1425,2400
RCL,3/27/2019 00:00:00,17.7193,17.7193,15.4668,15.7671,3200
RCL,3/29/2019 00:00:00,17.3438,17.3438,15.8422,15.9924,1500
RCL,4/2/2019 00:00:00,17.5691,17.5691,17.5691,17.5691,200
RCL,4/3/2019 00:00:00,19.296,19.296,15.9924,15.9924,300
RCL,4/4/2019 00:00:00,17.5691,17.5691,16.3678,16.3678,400
RCL,4/5/2019 00:00:00,17.9445,17.9445,15.5419,15.5419,200
RCL,4/9/2019 00:00:00,16.8183,16.8183,16.8183,16.8183,100
RCL,4/10/2019 00:00:00,18.4701,18.4701,16.1425,16.1425,200
RCL,4/12/2019 00:00:00,17.7193,17.7193,16.1425,16.1425,800
RCL,4/16/2019 00:00:00,17.7193,17.7193,17.7193,17.7193,300
RCL,4/17/2019 00:00:00,19.4461,19.4461,15.9924,15.9924,200
RCL,4/18/2019 00:00:00,17.5691,17.5691,15.9924,15.9924,1100
RCL,4/19/2019 00:00:00,17.5691,17.5691,15.7671,15.7671,1200
RCL,4/22/2019 00:00:00,17.3438,17.3438,15.6921,15.6921,200
RCL,4/23/2019 00:00:00,17.1937,17.1937,15.9173,15.9173,1400
RCL,4/24/2019 00:00:00,17.494,17.494,15.9924,15.9924,200
RCL,4/25/2019 00:00:00,17.5691,17.5691,17.5691,17.5691,200
RCL,4/26/2019 00:00:00,17.2688,17.2688,17.2688,17.2688,1000
RCL,5/2/2019 00:00:00,18.9956,18.9956,16.2927,16.2927,200
RCL,5/3/2019 00:00:00,17.8694,17.8694,16.0675,16.0675,200
RCL,5/7/2019 00:00:00,17.6442,17.6442,17.6442,17.6442,100
RCL,5/10/2019 00:00:00,19.3711,19.3711,16.2176,16.2176,200
RCL,5/13/2019 00:00:00,17.7943,17.7943,17.7943,17.7943,100
RCL,5/14/2019 00:00:00,19.5212,19.5212,16.2176,16.518,400
RCL,5/15/2019 00:00:00,18.1697,18.1697,15.8422,15.8422,200
RCL,5/16/2019 00:00:00,17.4189,17.4189,15.5419,15.5419,300
RCL,5/17/2019 00:00:00,17.0435,17.0435,15.6921,15.6921,300
RCL,5/20/2019 00:00:00,17.1937,17.1937,16.2176,16.2176,400
RCL,5/21/2019 00:00:00,17.7943,17.7943,16.593,16.593,400
RCL,5/22/2019 00:00:00,18.2448,18.2448,16.593,16.593,200
RCL,5/23/2019 00:00:00,18.2448,18.2448,15.0914,15.0914,200
RCL,5/24/2019 00:00:00,16.593,16.593,16.593,16.593,100
RCL,5/27/2019 00:00:00,18.2448,18.2448,18.2448,18.2448,100
RCL,6/4/2019 00:00:00,16.593,16.593,16.593,16.593,100
RCL,6/5/2019 00:00:00,18.2448,18.2448,18.2448,18.2448,100
RCL,6/6/2019 00:00:00,16.518,16.518,16.518,16.518,100
RCL,6/7/2019 00:00:00,15.2416,15.2416,15.2416,15.2416,100
RCL,6/12/2019 00:00:00,16.7432,16.7432,15.3166,15.3166,200
RCL,6/14/2019 00:00:00,16.8183,16.8183,15.3917,15.3917,200
RCL,6/19/2019 00:00:00,16.8934,16.8934,15.7671,15.7671,200
RCL,6/20/2019 00:00:00,17.3438,17.3438,15.5419,15.5419,200
RCL,6/21/2019 00:00:00,17.0435,17.0435,15.2416,15.2416,200
RCL,6/24/2019 00:00:00,16.7432,16.7432,15.617,15.617,200
RCL,6/25/2019 00:00:00,17.1186,17.1186,15.4668,15.4668,200
RCL,6/26/2019 00:00:00,16.9684,16.9684,15.5419,15.5419,200
RCL,6/27/2019 00:00:00,17.0435,17.0435,15.7671,15.7671,200
RCL,6/28/2019 00:00:00,17.3438,17.3438,15.9173,15.9173,200
RCL,7/1/2019 00:00:00,17.494,17.494,15.9173,15.9173,200
RCL,7/2/2019 00:00:00,17.494,17.494,16.1425,16.1425,200
RCL,7/3/2019 00:00:00,17.7193,17.7193,16.3678,16.3678,1200
RCL,7/4/2019 00:00:00,15.5419,15.617,15.5419,15.617,200
RCL,7/5/2019 00:00:00,17.1186,17.1186,15.8422,15.8422,200
RCL,7/8/2019 00:00:00,17.4189,17.4189,17.4189,17.4189,100
RCL,7/9/2019 00:00:00,16.1425,16.1425,16.1425,16.1425,100
RCL,7/11/2019 00:00:00,17.7193,17.7193,15.617,15.617,200
RCL,7/12/2019 00:00:00,17.1186,17.1186,15.8422,15.8422,200
RCL,7/15/2019 00:00:00,17.4189,17.4189,15.7671,15.7671,200
RCL,7/16/2019 00:00:00,17.3438,17.3438,15.9924,15.9924,200
RCL,7/18/2019 00:00:00,17.5691,17.5691,15.9173,15.9173,200
RCL,7/19/2019 00:00:00,17.494,17.494,15.9173,15.9173,200
RCL,7/22/2019 00:00:00,17.494,17.494,15.9173,15.9173,200
RCL,7/23/2019 00:00:00,17.494,17.494,15.9924,15.9924,200
RCL,7/24/2019 00:00:00,17.5691,17.5691,15.9173,15.9173,200
RCL,7/25/2019 00:00:00,17.494,17.494,15.9173,15.9173,200
RCL,7/29/2019 00:00:00,17.494,17.494,15.9173,15.9173,200
RCL,8/1/2019 00:00:00,17.494,17.494,17.494,17.494,100
RCL,8/7/2019 00:00:00,18.5452,18.7704,16.2176,16.2176,3100
RCL,8/8/2019 00:00:00,17.7943,17.7943,15.9924,15.9924,300
RCL,8/9/2019 00:00:00,17.5691,17.5691,15.6921,15.6921,700
RCL,8/12/2019 00:00:00,17.1186,17.1937,15.0163,15.0163,900
RCL,8/20/2019 00:00:00,14.3793,14.3793,14.3793,14.3793,800
RCL,8/21/2019 00:00:00,14.4703,15.7444,14.4703,14.4703,2700
RCL,8/23/2019 00:00:00,15.7444,15.8354,14.4703,14.4703,1400
RCL,8/27/2019 00:00:00,15.8354,15.8354,13.7422,14.1062,1100
RCL,8/28/2019 00:00:00,15.4714,15.4714,13.6512,13.8332,1000
RCL,8/30/2019 00:00:00,15.1983,15.1983,13.9242,13.9242,600
RCL,9/3/2019 00:00:00,13.9242,13.9242,13.9242,13.9242,200
RCL,9/4/2019 00:00:00,13.9242,13.9242,13.9242,13.9242,3400
RCL,9/5/2019 00:00:00,13.1962,13.1962,13.1962,13.1962,200
RCL,9/6/2019 00:00:00,14.4703,14.4703,12.4681,12.6501,1300
RCL,9/9/2019 00:00:00,13.8332,13.8332,13.8332,13.8332,1100
RCL,9/10/2019 00:00:00,12.6501,12.6501,12.6501,12.6501,200
RCL,9/11/2019 00:00:00,13.8332,13.8332,13.8332,13.8332,5300
RCL,9/12/2019 00:00:00,14.5613,14.5613,13.1052,13.1052,300
RCL,9/13/2019 00:00:00,14.3793,14.3793,12.8321,12.8321,1900
RCL,9/17/2019 00:00:00,14.1062,14.1062,12.1951,12.1951,2600
RCL,9/18/2019 00:00:00,13.3782,13.3782,12.3771,12.3771,200
RCL,9/20/2019 00:00:00,13.5602,13.5602,12.3771,12.3771,200
RCL,9/26/2019 00:00:00,13.4692,13.4692,12.3771,12.3771,400
RCL,9/27/2019 00:00:00,12.4681,12.4681,12.3771,12.3771,300
RCL,9/30/2019 00:00:00,13.5602,13.5602,13.5602,13.5602,200
RCL,10/2/2019 00:00:00,13.5602,14.5613,13.5602,14.3793,600
RCL,10/3/2019 00:00:00,13.0141,13.0141,13.0141,13.0141,100
RCL,10/8/2019 00:00:00,14.2883,14.2883,12.6501,12.6501,300
RCL,10/9/2019 00:00:00,13.8332,13.8332,12.6501,12.6501,2100
RCL,10/10/2019 00:00:00,13.8332,13.8332,12.3771,12.3771,500
RCL,10/11/2019 00:00:00,13.5602,13.5602,12.5591,12.5591,200
RCL,10/14/2019 00:00:00,13.7422,13.7422,13.7422,13.7422,500
RCL,10/15/2019 00:00:00,13.7422,13.7422,13.7422,13.7422,100
RCL,10/16/2019 00:00:00,15.1073,15.1073,13.9242,13.9242,1600
RCL,10/17/2019 00:00:00,12.8321,12.8321,12.8321,12.8321,200
RCL,10/21/2019 00:00:00,14.1062,14.1062,14.1062,14.1062,1000
RCL,10/22/2019 00:00:00,15.2893,15.2893,13.7422,13.7422,300
RCL,10/23/2019 00:00:00,15.1073,15.1073,13.9242,13.9242,400
RCL,10/24/2019 00:00:00,15.2893,15.2893,15.2893,15.2893,600
RCL,10/25/2019 00:00:00,16.7455,16.7455,13.8332,15.2893,900
RCL,10/28/2019 00:00:00,16.7455,16.7455,14.2883,14.2883,300
RCL,10/29/2019 00:00:00,13.7422,13.7422,13.7422,13.7422,100
RCL,10/30/2019 00:00:00,15.1073,15.1073,13.7422,13.7422,500
RCL,10/31/2019 00:00:00,15.1073,15.1073,13.8332,14.2883,2300
RCL,11/1/2019 00:00:00,15.6534,15.6534,14.1972,14.1972,1100
RCL,11/4/2019 00:00:00,15.3804,15.3804,14.0152,14.0152,200
RCL,11/5/2019 00:00:00,15.3804,15.3804,15.3804,15.3804,2100
RCL,11/6/2019 00:00:00,16.8365,16.8365,16.7455,16.8365,1100
RCL,11/7/2019 00:00:00,15.2893,15.2893,15.2893,15.2893,100
RCL,11/11/2019 00:00:00,15.1983,15.1983,14.0152,14.0152,200
RCL,11/12/2019 00:00:00,15.3804,15.3804,15.3804,15.3804,100
RCL,11/13/2019 00:00:00,14.2883,14.2883,14.2883,14.2883,500
RCL,11/14/2019 00:00:00,15.0163,15.0163,13.7422,13.7422,1200
RCL,11/18/2019 00:00:00,14.9253,14.9253,12.6501,12.6501,400
RCL,11/19/2019 00:00:00,13.5602,13.8332,13.5602,13.8332,400
RCL,11/20/2019 00:00:00,12.9231,15.0163,12.9231,15.0163,1100
RCL,11/21/2019 00:00:00,13.8332,13.8332,13.8332,13.8332,100
RCL,11/22/2019 00:00:00,12.8321,12.8321,12.8321,12.8321,100
RCL,11/25/2019 00:00:00,14.1062,14.1062,14.1062,14.1062,2500
RCL,12/5/2019 00:00:00,13.1962,13.1962,13.1962,13.1962,800
RCL,12/9/2019 00:00:00,13.4692,13.4692,13.4692,13.4692,500
RCL,12/10/2019 00:00:00,13.4692,13.4692,13.4692,13.4692,500
RCL,12/12/2019 00:00:00,13.7422,13.7422,13.7422,13.7422,100
RCL,12/26/2019 00:00:00,13.7422,13.7422,13.7422,13.7422,1900
RCL,12/30/2019 00:00:00,13.6512,13.6512,13.6512,13.6512,2000
RCL,12/31/2019 00:00:00,15.0163,15.0163,15.0163,15.0163,100
RCL,1/2/2020 00:00:00,15.3804,15.3804,15.3804,15.3804,100
RCL,1/3/2020 00:00:00,15.0163,15.0163,15.0163,15.0163,100
RCL,1/6/2020 00:00:00,15.4714,15.4714,15.4714,15.4714,1700
RCL,1/7/2020 00:00:00,13.9242,13.9242,13.9242,13.9242,100
RCL,1/9/2020 00:00:00,14.5613,14.5613,12.7411,12.7411,500
RCL,1/16/2020 00:00:00,14.0152,14.0152,12.2861,12.2861,400
RCL,1/20/2020 00:00:00,13.4692,13.4692,12.2861,12.2861,3500
RCL,1/21/2020 00:00:00,13.4692,13.4692,13.3782,13.3782,1500
RCL,1/30/2020 00:00:00,13.4692,13.4692,13.3782,13.3782,1200
RCL,2/3/2020 00:00:00,13.3782,13.3782,13.3782,13.3782,2800
RCL,2/4/2020 00:00:00,13.3782,13.3782,13.3782,13.3782,1300
RCL,2/5/2020 00:00:00,13.3782,13.3782,13.3782,13.3782,100
RCL,2/7/2020 00:00:00,13.3782,13.3782,12.9231,12.9231,700
RCL,2/10/2020 00:00:00,13.2872,13.3782,12.9231,12.9231,7000
RCL,2/11/2020 00:00:00,13.1962,13.2872,13.1962,13.2872,1900
RCL,2/12/2020 00:00:00,13.2872,13.2872,13.2872,13.2872,100
RCL,2/13/2020 00:00:00,13.2872,13.2872,13.2872,13.2872,900
RCL,2/14/2020 00:00:00,13.2872,13.2872,13.2872,13.2872,200
RCL,2/17/2020 00:00:00,13.1962,13.1962,13.1962,13.1962,100
RCL,2/18/2020 00:00:00,13.2872,13.2872,13.2872,13.2872,1500
RCL,2/24/2020 00:00:00,12.7411,12.7411,12.7411,12.7411,100
RCL,2/25/2020 00:00:00,13.2872,13.2872,12.7411,12.7411,800
RCL,2/27/2020 00:00:00,13.2872,13.2872,12.7411,13.2872,2000
RCL,3/2/2020 00:00:00,13.2872,13.2872,13.1962,13.1962,2700
RCL,3/3/2020 00:00:00,13.1962,13.1962,13.1052,13.1052,600
RCL,3/5/2020 00:00:00,13.1052,13.1052,13.1052,13.1052,800
RCL,3/10/2020 00:00:00,13.1052,13.1052,12.7411,12.7411,600
RCL,3/11/2020 00:00:00,12.7411,12.7411,12.7411,12.7411,24000
RCL,3/20/2020 00:00:00,13.5843,13.5843,13.5843,13.5843,100
RCL,3/30/2020 00:00:00,12.9285,12.9285,12.9285,12.9285,1000
RCL,3/31/2020 00:00:00,12.9285,12.9285,12.9285,12.9285,100
RCL,4/1/2020 00:00:00,13.4906,13.4906,13.4906,13.4906,100
RCL,4/6/2020 00:00:00,13.4906,13.4906,13.4906,13.4906,100
RCL,4/9/2020 00:00:00,13.1159,13.1159,13.1159,13.1159,100
RCL,4/14/2020 00:00:00,12.9285,12.9285,12.9285,12.9285,1900
RCL,4/15/2020 00:00:00,12.9285,12.9285,12.9285,12.9285,3000
RCL,4/16/2020 00:00:00,12.8348,12.8348,12.8348,12.8348,2000
RCL,4/20/2020 00:00:00,13.0222,13.0222,13.0222,13.0222,1100
RCL,4/22/2020 00:00:00,13.1159,13.1159,13.0222,13.0222,1600
RCL,4/23/2020 00:00:00,13.0222,13.0222,13.0222,13.0222,2900
RCL,4/24/2020 00:00:00,12.8348,13.0222,12.8348,13.0222,8400
RCL,4/27/2020 00:00:00,13.0222,13.0222,13.0222,13.0222,13700
RCL,4/28/2020 00:00:00,12.6474,13.0222,12.6474,13.0222,18300
RCL,4/29/2020 00:00:00,12.9285,12.9285,12.9285,12.9285,1700
RCL,5/4/2020 00:00:00,12.8348,12.8348,12.8348,12.8348,100
RCL,5/5/2020 00:00:00,12.9285,12.9285,12.9285,12.9285,500
RCL,5/7/2020 00:00:00,12.7411,12.8348,12.6474,12.6474,2200
RCL,5/8/2020 00:00:00,12.6474,12.9285,12.6474,12.6474,16000
RCL,5/11/2020 00:00:00,12.6474,12.6474,12.6474,12.6474,700
RCL,5/12/2020 00:00:00,12.6474,12.6474,12.6474,12.6474,21000
RCL,5/14/2020 00:00:00,12.6474,12.6474,12.5538,12.5538,22000
RCL,5/15/2020 00:00:00,12.4601,12.5538,12.4601,12.5538,700
RCL,5/18/2020 00:00:00,12.5538,12.5538,11.7106,12.5538,10100
RCL,5/21/2020 00:00:00,12.3664,12.3664,12.179,12.179,6900
RCL,5/22/2020 00:00:00,12.179,12.5538,12.179,12.5538,7000
RCL,5/26/2020 00:00:00,12.5538,12.6474,12.5538,12.6474,11000
RCL,5/27/2020 00:00:00,12.5538,13.8653,12.5538,13.7717,38800
RCL,5/28/2020 00:00:00,12.4601,12.4601,12.4601,12.4601,2000
RCL,6/1/2020 00:00:00,13.678,13.678,13.678,13.678,100
RCL,6/3/2020 00:00:00,13.678,14.8959,13.678,14.8959,300
RCL,6/5/2020 00:00:00,15.8327,15.8327,15.8327,15.8327,100
RCL,6/8/2020 00:00:00,17.3317,17.3317,17.3317,17.3317,200
RCL,6/18/2020 00:00:00,19.018,19.018,19.018,19.018,100
RCL,6/19/2020 00:00:00,20.798,20.798,20.798,20.798,100
RCL,6/30/2020 00:00:00,22.8591,22.8591,22.8591,22.8591,100
RCL,7/6/2020 00:00:00,25.1075,25.1075,25.1075,25.1075,100
RCL,7/9/2020 00:00:00,27.5433,27.5433,22.6717,22.6717,1200
RCL,7/10/2020 00:00:00,24.9201,24.9201,20.4233,24.2643,1200
RCL,7/13/2020 00:00:00,21.9222,21.9222,21.9222,21.9222,200
RCL,7/17/2020 00:00:00,20.0485,20.0485,20.0485,20.0485,100
RCL,7/21/2020 00:00:00,20.1422,20.1422,20.1422,20.1422,100
RCL,7/28/2020 00:00:00,18.1748,18.1748,18.1748,18.1748,1000
RCL,8/4/2020 00:00:00,17.3317,17.3317,17.3317,17.3317,100
RCL,8/17/2020 00:00:00,15.9264,15.9264,15.9264,15.9264,100
RCL,8/18/2020 00:00:00,14.9896,14.9896,14.9896,14.9896,500
RCL,8/26/2020 00:00:00,14.9896,16.4885,13.4906,14.0527,48000
RCL,8/27/2020 00:00:00,13.959,14.1464,13.959,14.1464,41400
RCL,8/28/2020 00:00:00,14.0527,15.5517,14.0527,15.5517,18200
RCL,8/31/2020 00:00:00,15.458,16.6759,15.458,15.458,6800
RCL,9/1/2020 00:00:00,14.9896,15.458,14.9896,15.458,4600
RCL,9/3/2020 00:00:00,15.458,15.458,15.458,15.458,5200
RCL,9/4/2020 00:00:00,13.959,15.458,13.959,15.458,13500
RCL,9/7/2020 00:00:00,14.3338,15.458,14.3338,15.458,13900
RCL,9/8/2020 00:00:00,15.3643,15.3643,15.3643,15.3643,100
RCL,9/9/2020 00:00:00,14.9896,16.7696,14.9896,16.7696,5100
RCL,9/10/2020 00:00:00,15.458,15.458,15.2706,15.2706,4100
RCL,9/11/2020 00:00:00,16.6759,16.6759,14.2401,14.9896,30300
RCL,9/14/2020 00:00:00,14.9896,15.3643,14.9896,15.1769,30800
RCL,9/15/2020 00:00:00,15.2706,15.2706,15.1769,15.1769,500
RCL,9/16/2020 00:00:00,15.1769,15.1769,15.1769,15.1769,3200
RCL,9/17/2020 00:00:00,15.1769,15.1769,15.1769,15.1769,6600
RCL,9/22/2020 00:00:00,15.2706,15.458,15.2706,15.458,12300
RCL,9/23/2020 00:00:00,15.5517,15.5517,15.2706,15.458,25500
RCL,9/24/2020 00:00:00,15.5517,15.5517,15.5517,15.5517,14200
RCL,9/25/2020 00:00:00,15.5517,15.5517,15.5517,15.5517,1100
RCL,9/29/2020 00:00:00,16.8632,16.8632,15.9264,15.9264,2500
RCL,9/30/2020 00:00:00,15.9264,15.9264,15.9264,15.9264,3500
RCL,10/1/2020 00:00:00,15.8327,15.9264,15.8327,15.9264,3700
RCL,10/5/2020 00:00:00,15.9264,15.9264,15.8327,15.8327,6000
RCL,10/6/2020 00:00:00,15.8327,15.8327,15.8327,15.8327,6000
RCL,10/7/2020 00:00:00,17.3317,17.3317,16.3948,16.3948,1200
RCL,10/8/2020 00:00:00,15.9264,15.9264,15.9264,15.9264,600
RCL,10/13/2020 00:00:00,15.9264,15.9264,15.9264,15.9264,100
RCL,10/14/2020 00:00:00,15.9264,15.9264,14.5211,14.5211,900
RCL,10/15/2020 00:00:00,15.5517,15.9264,15.458,15.9264,2800
RCL,10/16/2020 00:00:00,15.9264,15.9264,15.9264,15.9264,2800
RCL,10/20/2020 00:00:00,15.9264,15.9264,15.9264,15.9264,1600
RCL,10/21/2020 00:00:00,15.9264,15.9264,15.9264,15.9264,7300
RCL,10/22/2020 00:00:00,15.9264,15.9264,15.9264,15.9264,7500
RCL,10/27/2020 00:00:00,15.739,15.739,15.739,15.739,1600
RCL,10/29/2020 00:00:00,15.739,16.1138,15.739,16.1138,1100
RCL,10/30/2020 00:00:00,14.5211,14.5211,14.5211,14.5211,100
RCL,11/2/2020 00:00:00,15.9264,15.9264,15.9264,15.9264,100
RCL,11/10/2020 00:00:00,15.9264,15.9264,15.9264,15.9264,200
RCL,11/11/2020 00:00:00,15.9264,15.9264,15.9264,15.9264,1500
RCL,11/13/2020 00:00:00,15.9264,15.9264,15.5517,15.5517,2500
RCL,11/16/2020 00:00:00,15.9264,15.9264,15.9264,15.9264,3100
RCL,11/17/2020 00:00:00,15.9264,16.3948,15.9264,16.3948,6700
RCL,11/18/2020 00:00:00,16.3948,16.3948,16.1138,16.3948,10000
RCL,11/19/2020 00:00:00,16.3948,16.3948,16.3948,16.3948,4000
RCL,11/20/2020 00:00:00,16.6759,16.6759,16.6759,16.6759,3100
RCL,11/24/2020 00:00:00,16.6759,16.6759,16.6759,16.6759,2000
RCL,11/25/2020 00:00:00,16.8632,16.8632,16.3011,16.3011,9700
RCL,11/26/2020 00:00:00,16.8632,16.8632,16.6759,16.6759,4000
RCL,11/30/2020 00:00:00,16.7696,17.238,16.7696,17.238,7300
RCL,12/1/2020 00:00:00,17.238,17.4254,16.6759,17.4254,23900
RCL,12/2/2020 00:00:00,17.3317,17.8001,17.3317,17.4254,29000
RCL,12/3/2020 00:00:00,17.8001,17.8001,17.7064,17.8001,65300
RCL,12/4/2020 00:00:00,18.1829,18.1829,17.2259,18.0872,24100
RCL,12/7/2020 00:00:00,17.9915,17.9915,17.2259,17.3216,35800
RCL,12/8/2020 00:00:00,17.3216,17.7044,17.3216,17.7044,7200
RCL,12/9/2020 00:00:00,17.4173,17.4173,17.2259,17.2259,210300
RCL,12/10/2020 00:00:00,17.4173,17.4173,17.2259,17.2259,51900
RCL,12/11/2020 00:00:00,17.4173,17.9915,17.2259,17.2259,115300
RCL,12/14/2020 00:00:00,17.4173,17.4173,17.2259,17.2259,200100
RCL,12/15/2020 00:00:00,17.4173,17.513,17.4173,17.513,200300
RCL,12/16/2020 00:00:00,17.4173,18.9485,17.4173,18.3743,281000
RCL,12/17/2020 00:00:00,18.1829,18.2786,18.0872,18.0872,14900
RCL,12/18/2020 00:00:00,18.0872,18.0872,18.0872,18.0872,75300
RCL,12/21/2020 00:00:00,18.0872,18.0872,18.0872,18.0872,13100
RCL,12/22/2020 00:00:00,17.4173,17.9915,17.4173,17.9915,2400
RCL,12/23/2020 00:00:00,17.8001,17.8001,17.6087,17.6087,4000
RCL,12/24/2020 00:00:00,17.513,17.7044,17.4173,17.6087,8700
RCL,12/25/2020 00:00:00,17.6087,17.7044,17.6087,17.7044,17000
RCL,12/28/2020 00:00:00,17.7044,17.7044,17.0345,17.0345,3900
RCL,12/29/2020 00:00:00,17.0345,17.0345,17.0345,17.0345,700
RCL,12/30/2020 00:00:00,17.7044,17.7044,17.7044,17.7044,7300
RCL,12/31/2020 00:00:00,17.7044,17.8001,17.7044,17.8001,5800
RCL,1/4/2021 00:00:00,16.8431,17.8958,16.8431,17.8001,1600
RCL,1/5/2021 00:00:00,17.3216,17.8001,17.2259,17.8001,13100
RCL,1/6/2021 00:00:00,17.8958,17.8958,17.8001,17.8001,13300
RCL,1/7/2021 00:00:00,17.4173,17.7044,17.4173,17.7044,5300
RCL,1/8/2021 00:00:00,17.7044,18.2786,17.6087,18.1829,36600
RCL,1/11/2021 00:00:00,18.2786,18.2786,17.9915,18.1829,29200
RCL,1/12/2021 00:00:00,17.8958,18.0872,17.8958,18.0872,2800
RCL,1/13/2021 00:00:00,17.8958,18.0872,17.8001,18.0872,4200
RCL,1/14/2021 00:00:00,17.8001,18.1829,17.8001,18.1829,3900
RCL,1/15/2021 00:00:00,18.1829,18.1829,18.0872,18.1829,9400
RCL,1/18/2021 00:00:00,18.1829,18.3743,18.1829,18.1829,13400
RCL,1/19/2021 00:00:00,18.1829,18.6614,17.8001,18.1829,44600
RCL,1/20/2021 00:00:00,18.1829,18.1829,18.1829,18.1829,7500
RCL,1/22/2021 00:00:00,17.9915,18.6614,17.9915,18.3743,25300
RCL,1/25/2021 00:00:00,17.8958,17.9915,17.8958,17.9915,4500
RCL,1/26/2021 00:00:00,17.8001,17.8001,17.2259,17.513,25100
RCL,1/27/2021 00:00:00,17.2259,17.2259,17.2259,17.2259,2300
RCL,1/28/2021 00:00:00,17.1302,17.1302,16.2689,17.0345,4600
RCL,1/29/2021 00:00:00,17.6087,17.6087,17.6087,17.6087,100
RCL,2/2/2021 00:00:00,16.4603,16.4603,16.4603,16.4603,100
RCL,2/3/2021 00:00:00,16.7474,16.7474,16.7474,16.7474,3300
RCL,2/4/2021 00:00:00,16.7474,16.8431,16.7474,16.8431,6200
RCL,2/8/2021 00:00:00,16.8431,17.0345,16.6517,17.0345,8000
RCL,2/17/2021 00:00:00,17.0345,17.4173,16.8431,17.4173,11500
RCL,2/19/2021 00:00:00,17.0345,17.2259,16.8431,17.2259,30600
RCL,2/22/2021 00:00:00,16.556,17.2259,16.556,17.2259,1200
RCL,2/23/2021 00:00:00,16.7474,17.0345,16.6517,17.0345,16200
RCL,2/24/2021 00:00:00,16.7474,16.8431,16.6517,16.8431,4500
RCL,2/25/2021 00:00:00,16.9388,16.9388,16.6517,16.8431,4900
RCL,2/26/2021 00:00:00,16.556,16.9388,16.4603,16.9388,8000
RCL,3/1/2021 00:00:00,16.6517,17.1302,16.6517,17.1302,18000
RCL,3/2/2021 00:00:00,16.6517,17.3216,16.6517,17.3216,4000
RCL,3/3/2021 00:00:00,16.556,17.4173,16.556,17.4173,3000
RCL,3/4/2021 00:00:00,17.4173,17.4173,17.4173,17.4173,100
RCL,3/5/2021 00:00:00,17.4173,17.4173,17.4173,17.4173,2000
RCL,3/8/2021 00:00:00,17.3216,17.4173,17.3216,17.4173,2800
RCL,3/9/2021 00:00:00,17.4173,17.4173,16.8431,17.4173,5600
RCL,3/10/2021 00:00:00,17.2259,17.3216,17.2259,17.3216,8000
RCL,3/11/2021 00:00:00,17.7044,17.7044,17.7044,17.7044,1500
RCL,3/12/2021 00:00:00,17.513,17.513,17.2259,17.2259,900
RCL,3/16/2021 00:00:00,17.2259,17.2259,17.2259,17.2259,600
RCL,3/17/2021 00:00:00,17.4173,17.6087,17.4173,17.6087,4200
RCL,3/18/2021 00:00:00,17.6087,17.6087,17.6087,17.6087,900
RCL,3/19/2021 00:00:00,17.6087,17.6087,17.6087,17.6087,1000
RCL,3/24/2021 00:00:00,17.5109,17.5109,16.9239,17.5109,9800
RCL,3/25/2021 00:00:00,17.413,17.413,17.413,17.413,10800
RCL,3/26/2021 00:00:00,17.413,17.413,17.413,17.413,9200
RCL,3/29/2021 00:00:00,17.0217,17.413,17.0217,17.0217,9400
RCL,3/30/2021 00:00:00,17.0217,17.1196,17.0217,17.0217,12300
RCL,3/31/2021 00:00:00,17.5109,17.6087,17.5109,17.6087,6800
RCL,4/1/2021 00:00:00,17.6087,17.8043,17.1196,17.8043,10400
RCL,4/2/2021 00:00:00,17.9022,17.9022,17.413,17.8043,17900
RCL,4/5/2021 00:00:00,17.5109,18,17.5109,18,13700
RCL,4/6/2021 00:00:00,18,18.0978,17.8043,18.0978,10100
RCL,4/7/2021 00:00:00,18,18,18,18,2100
RCL,4/8/2021 00:00:00,17.9022,18.0978,17.8043,18,10200
RCL,4/9/2021 00:00:00,18,18,17.9022,18,20500
RCL,4/12/2021 00:00:00,17.9022,17.9022,17.6087,17.9022,8500
RCL,4/13/2021 00:00:00,17.9022,17.9022,17.7065,17.8043,10800
RCL,4/14/2021 00:00:00,17.7065,17.8043,17.5109,17.8043,11500
RCL,4/15/2021 00:00:00,17.7065,17.7065,17.6087,17.7065,7100
RCL,4/16/2021 00:00:00,17.6087,17.6087,17.413,17.6087,8400
RCL,4/19/2021 00:00:00,17.5109,17.5109,17.1196,17.1196,9800
RCL,4/20/2021 00:00:00,17.5109,17.5109,17.413,17.5109,5500
RCL,4/22/2021 00:00:00,17.5109,17.6087,17.1196,17.5109,5000
RCL,4/23/2021 00:00:00,17.3152,17.5109,17.3152,17.5109,24800
RCL,4/26/2021 00:00:00,17.5109,17.5109,17.413,17.413,10000
RCL,4/27/2021 00:00:00,17.3152,17.6087,17.2174,17.5109,22700
RCL,4/28/2021 00:00:00,17.5109,17.5109,17.5109,17.5109,4600
RCL,4/29/2021 00:00:00,17.413,17.5109,17.413,17.5109,6500
RCL,5/4/2021 00:00:00,17.413,17.413,17.413,17.413,2000
RCL,5/5/2021 00:00:00,17.3152,17.5109,17.3152,17.413,9000
RCL,5/6/2021 00:00:00,17.413,17.413,17.0217,17.0217,4800
RCL,5/7/2021 00:00:00,17.1196,17.2174,16.9239,17.2174,10300
RCL,5/10/2021 00:00:00,17.2174,17.2174,16.7283,16.7283,6000
RCL,5/11/2021 00:00:00,16.9239,17.0217,16.6304,16.9239,17100
RCL,5/12/2021 00:00:00,16.8261,16.8261,16.6304,16.8261,6000
RCL,5/13/2021 00:00:00,16.8261,17.1196,16.8261,17.1196,8500
RCL,5/14/2021 00:00:00,17.0217,17.0217,16.6304,17.0217,6000
RCL,5/17/2021 00:00:00,16.6304,16.6304,16.4348,16.4348,5500
RCL,5/18/2021 00:00:00,16.8261,16.8261,16.8261,16.8261,2000
RCL,5/19/2021 00:00:00,16.8261,16.8261,15.9457,16.5326,8800
RCL,5/20/2021 00:00:00,16.7283,16.7283,15.9457,16.5326,7400
RCL,5/21/2021 00:00:00,15.9457,16.4348,15.8478,16.337,7600
RCL,5/24/2021 00:00:00,16.337,16.337,16.337,16.337,4000
RCL,5/25/2021 00:00:00,16.2391,16.337,16.2391,16.337,2700
RCL,5/26/2021 00:00:00,16.2391,16.337,15.8478,16.1413,6000
RCL,5/27/2021 00:00:00,16.1413,16.2391,15.6522,15.6522,13700
RCL,5/28/2021 00:00:00,16.337,16.337,15.5543,15.6522,9900
RCL,5/31/2021 00:00:00,15.9457,16.0435,15.9457,16.0435,3200
RCL,6/1/2021 00:00:00,15.9457,16.1413,14.6739,16.1413,8700
RCL,6/2/2021 00:00:00,14.8696,17.2174,14.6739,17.2174,4600
RCL,6/3/2021 00:00:00,15.6522,16.6304,15.6522,16.6304,10600
RCL,6/4/2021 00:00:00,16.4348,16.4348,15.6522,16.2391,14500
RCL,6/7/2021 00:00:00,15.6522,15.9457,15.6522,15.9457,2100
RCL,6/8/2021 00:00:00,15.75,15.8478,15.75,15.75,5500
RCL,6/9/2021 00:00:00,14.7717,15.8478,14.7717,15.8478,5400
RCL,6/10/2021 00:00:00,15.75,15.75,15.75,15.75,1500
RCL,6/11/2021 00:00:00,15.6522,15.6522,15.5543,15.6522,2400
RCL,6/14/2021 00:00:00,15.6522,15.8478,15.6522,15.8478,4400
RCL,6/15/2021 00:00:00,15.75,15.8478,15.75,15.8478,2800
RCL,6/16/2021 00:00:00,15.8478,16.0435,15.8478,16.0435,2000
RCL,6/17/2021 00:00:00,16.0435,16.0435,15.75,16.0435,1200
RCL,6/18/2021 00:00:00,15.9457,16.0435,15.9457,16.0435,1300
RCL,6/21/2021 00:00:00,16.4348,16.4348,16.4348,16.4348,1000
RCL,6/22/2021 00:00:00,15.4565,15.4565,15.4565,15.4565,600
RCL,6/23/2021 00:00:00,15.9457,15.9457,15.4565,15.9457,57000
RCL,6/24/2021 00:00:00,15.9457,15.9457,15.9457,15.9457,1300
RCL,6/25/2021 00:00:00,15.9457,15.9457,15.2609,15.8478,5200
RCL,6/28/2021 00:00:00,15.5543,15.75,15.5543,15.75,5000
RCL,6/29/2021 00:00:00,15.75,15.8478,15.75,15.8478,3400
RCL,6/30/2021 00:00:00,15.75,15.9457,15.5543,15.9457,21600
RCL,7/1/2021 00:00:00,15.9457,15.9457,15.9457,15.9457,600
RCL,7/5/2021 00:00:00,15.9457,15.9457,15.9457,15.9457,800
RCL,7/6/2021 00:00:00,15.8478,15.8478,15.4565,15.4565,3900
RCL,7/7/2021 00:00:00,15.163,15.3587,15.0652,15.3587,8700
RCL,7/8/2021 00:00:00,15.3587,15.4565,15.3587,15.4565,200
RCL,7/9/2021 00:00:00,15.4565,15.4565,15.4565,15.4565,300
RCL,7/12/2021 00:00:00,14.9674,14.9674,14.4783,14.4783,3000
RCL,7/13/2021 00:00:00,15.4565,15.4565,13.7935,15.0652,19000
RCL,7/14/2021 00:00:00,14.4783,14.8696,14.4783,14.7717,12100
RCL,7/15/2021 00:00:00,15.4565,15.4565,14.2826,14.9674,5100
RCL,7/16/2021 00:00:00,14.4783,14.7717,14.3804,14.7717,7300
RCL,7/19/2021 00:00:00,14.1848,14.7717,14.1848,14.7717,42000
RCL,7/20/2021 00:00:00,13.9891,14.6739,13.9891,14.6739,46800
RCL,7/23/2021 00:00:00,14.5761,14.6739,14.5761,14.6739,2100
RCL,7/26/2021 00:00:00,14.087,14.6739,13.9891,14.6739,17800
RCL,7/27/2021 00:00:00,14.6739,14.6739,14.087,14.6739,14600
RCL,7/29/2021 00:00:00,14.087,14.087,14.087,14.087,7000
RCL,7/30/2021 00:00:00,14.087,14.3804,14.087,14.3804,3500
RCL,8/2/2021 00:00:00,13.9891,14.2826,13.9891,14.2826,5000
RCL,8/3/2021 00:00:00,14.4783,14.4783,13.9891,14.3804,1900
RCL,8/4/2021 00:00:00,14.3804,14.3804,14.3804,14.3804,5000
RCL,8/5/2021 00:00:00,14.3804,14.3804,14.3804,14.3804,2500
RCL,8/6/2021 00:00:00,14.3804,14.4783,14.3804,14.4783,2600
RCL,8/9/2021 00:00:00,14.3804,15.0652,14.3804,15.0652,6200
RCL,8/10/2021 00:00:00,14.9674,14.9674,14.9674,14.9674,1000
RCL,8/11/2021 00:00:00,14.8696,15.2609,14.8696,15.2609,6500
RCL,8/12/2021 00:00:00,15.0652,15.0652,15.0652,15.0652,3000
RCL,8/13/2021 00:00:00,15.0652,15.0652,14.2826,14.2826,2100
RCL,8/16/2021 00:00:00,14.2826,15.163,14.2826,15.163,22300
RCL,8/17/2021 00:00:00,14.9674,14.9674,14.9674,14.9674,100
RCL,8/18/2021 00:00:00,14.8696,14.8696,14.8696,14.8696,1500
RCL,8/19/2021 00:00:00,14.8696,14.8696,14.7717,14.8696,9400
RCL,8/20/2021 00:00:00,14.9674,15.0652,14.4783,14.8696,8700
RCL,8/24/2021 00:00:00,14.6739,14.6739,14.6739,14.6739,100
RCL,8/25/2021 00:00:00,14.6739,14.6739,13.9891,13.9891,2000
RCL,8/26/2021 00:00:00,14.087,14.087,14.087,14.087,4000
RCL,8/27/2021 00:00:00,13.5,14.4783,13.5,14.4783,6200
RCL,8/30/2021 00:00:00,14.6739,14.7717,14.6739,14.6739,3100
RCL,8/31/2021 00:00:00,14.7717,14.7717,14.7717,14.7717,3000
RCL,9/1/2021 00:00:00,14.7717,15.2609,14.2826,15.2609,25300
RCL,9/6/2021 00:00:00,15.2609,15.3587,14.6739,15.3587,9200
RCL,9/7/2021 00:00:00,15.3587,15.3587,15.3587,15.3587,9000
RCL,9/8/2021 00:00:00,15.3587,15.4565,14.3804,15.3587,17000
RCL,9/9/2021 00:00:00,15.3587,15.3587,15.3587,15.3587,300
RCL,9/10/2021 00:00:00,15.3587,15.4565,15.3587,15.4565,4000
RCL,9/13/2021 00:00:00,15.3587,15.3587,15.3587,15.3587,2000
RCL,9/15/2021 00:00:00,15.3587,15.3587,15.3587,15.3587,2200
RCL,9/16/2021 00:00:00,15.4565,15.4565,15.3587,15.4565,7800
RCL,9/17/2021 00:00:00,15.3587,15.4565,14.7717,15.4565,6300
RCL,9/20/2021 00:00:00,15.4565,15.5543,15.3587,15.5543,9200
RCL,9/21/2021 00:00:00,14.5761,14.5761,14.5761,14.5761,1000
RCL,9/22/2021 00:00:00,15.4565,15.4565,15.4565,15.4565,1600
RCL,9/23/2021 00:00:00,15.4565,15.5543,15.4565,15.5543,5600
RCL,9/24/2021 00:00:00,14.5761,15.3587,14.5761,15.3587,10800
RCL,9/27/2021 00:00:00,15.3587,15.3587,14.6739,14.6739,20800
RCL,9/28/2021 00:00:00,15.3587,15.5543,15.3587,15.5543,7000
RCL,9/29/2021 00:00:00,14.3804,15.6522,14.3804,15.6522,9100
RCL,9/30/2021 00:00:00,15.5543,15.75,14.8696,15.0652,18400
RCL,10/1/2021 00:00:00,15.0652,15.0652,15.0652,15.0652,100
RCL,10/4/2021 00:00:00,15.4565,15.75,14.8696,14.9674,24100
RCL,10/5/2021 00:00:00,15.5543,15.5543,14.9674,15.163,26500
RCL,10/6/2021 00:00:00,14.6739,15.75,14.6739,15.75,159700
RCL,10/7/2021 00:00:00,15.6522,15.8478,15.6522,15.6522,4800
RCL,10/8/2021 00:00:00,14.087,15.9457,14.087,15.6522,56800
RCL,10/11/2021 00:00:00,14.9674,15.8478,14.9674,15.8478,5000
RCL,10/12/2021 00:00:00,14.9674,15.8478,14.9674,15.8478,3200
RCL,10/13/2021 00:00:00,15.163,15.9457,15.163,15.9457,5700
RCL,10/14/2021 00:00:00,15.8478,16.1413,15.4565,16.1413,9700
RCL,10/15/2021 00:00:00,15.2609,16.0435,15.2609,16.0435,4000
RCL,10/18/2021 00:00:00,15.2609,16.0435,15.2609,16.0435,7000
RCL,10/19/2021 00:00:00,16.1413,16.1413,16.1413,16.1413,1700
RCL,10/20/2021 00:00:00,15.5543,15.6522,15.5543,15.6522,3000
RCL,10/21/2021 00:00:00,15.163,17.2174,15.163,17.2174,14700
RCL,10/22/2021 00:00:00,17.2174,17.2174,16.9239,16.9239,5000
RCL,10/25/2021 00:00:00,17.413,17.413,17.3152,17.3152,900
RCL,10/26/2021 00:00:00,17.3152,17.3152,17.1196,17.1196,1600
RCL,10/27/2021 00:00:00,16.7283,17.0217,16.7283,16.9239,6300
RCL,10/28/2021 00:00:00,17.3152,17.413,17.0217,17.0217,5300
RCL,10/29/2021 00:00:00,16.8261,16.8261,16.8261,16.8261,1000
RCL,11/1/2021 00:00:00,16.2391,16.4348,16.2391,16.4348,3000
RCL,11/2/2021 00:00:00,16.5326,17.6087,16.5326,16.8261,5600
RCL,11/3/2021 00:00:00,16.7283,17.3152,16.7283,17.3152,4800
RCL,11/8/2021 00:00:00,16.7283,18,16.7283,16.7283,3700
RCL,11/9/2021 00:00:00,16.8261,17.6087,16.8261,16.8261,3100
RCL,11/10/2021 00:00:00,16.7283,18.0978,16.7283,18.0978,8500
RCL,11/11/2021 00:00:00,19.0761,19.8587,17.413,17.413,9500
RCL,11/12/2021 00:00:00,19.0761,19.0761,17.6087,18.9783,1400
RCL,11/15/2021 00:00:00,18.587,20.837,18.587,19.0761,6600
RCL,11/16/2021 00:00:00,18.587,18.7826,18.2935,18.2935,8800
RCL,11/17/2021 00:00:00,19.9565,20.0543,18.2935,18.2935,8300
RCL,11/18/2021 00:00:00,18.2935,18.2935,18.1957,18.1957,7400
RCL,11/19/2021 00:00:00,18.1957,18.3913,18.1957,18.3913,5700
RCL,11/22/2021 00:00:00,18.1957,20.0543,18.0978,19.5652,10300
RCL,11/23/2021 00:00:00,19.5652,19.5652,18.587,18.587,4000
RCL,11/24/2021 00:00:00,18.3913,18.6848,18.3913,18.3913,11300
RCL,11/25/2021 00:00:00,18.2935,18.2935,18.0978,18.0978,9100
RCL,11/26/2021 00:00:00,18.0978,18.6848,18.0978,18.6848,8500
RCL,11/29/2021 00:00:00,18.587,18.587,18.2935,18.2935,11500
RCL,11/30/2021 00:00:00,18.3913,19.4674,18.2935,18.2935,7600
RCL,12/1/2021 00:00:00,18.2935,18.587,18.0978,18.3913,20200
RCL,12/2/2021 00:00:00,18.9783,19.5652,18.1957,19.0761,15800
RCL,12/3/2021 00:00:00,18.1957,18.587,18.0978,18.587,21200
RCL,12/6/2021 00:00:00,18.6848,18.6848,17.9022,17.9022,32700
RCL,12/7/2021 00:00:00,18,18.0978,18,18.0978,5800
RCL,12/8/2021 00:00:00,18.0978,18.1957,18,18,2500
RCL,12/9/2021 00:00:00,17.9,17.9,17.9,17.9,1000
RCL,12/10/2021 00:00:00,16.6,17.9,16.6,17.9,2100
RCL,12/13/2021 00:00:00,18.1,18.2,18,18,5200
RCL,12/14/2021 00:00:00,17.4,18,17.4,18,2100
RCL,12/15/2021 00:00:00,17.8,18,17.8,18,1400
RCL,12/16/2021 00:00:00,17.9,18,17.9,18,1900
RCL,12/17/2021 00:00:00,17.5,17.9,17.5,17.8,2700
RCL,12/20/2021 00:00:00,17.5,18.1,17.5,18,40600
RCL,12/21/2021 00:00:00,18.3,18.4,18.1,18.3,3700
RCL,12/22/2021 00:00:00,18,18,18,18,1900
RCL,12/23/2021 00:00:00,17.6,18,17.6,18,1700
RCL,12/24/2021 00:00:00,17.7,17.7,17.7,17.7,500
RCL,12/27/2021 00:00:00,18.1,18.1,18.1,18.1,700
RCL,12/28/2021 00:00:00,18.4,18.8,18.2,18.8,2200
RCL,12/29/2021 00:00:00,19,20.5,19,20.5,13700
RCL,12/30/2021 00:00:00,20.4,20.4,20.2,20.3,58700
RCL,12/31/2021 00:00:00,20.5,20.5,20.5,20.5,900
RCL,1/4/2022 00:00:00,19.1,19.9,19.1,19.9,3200
RCL,1/5/2022 00:00:00,20,21.8,20,21.8,12000
RCL,1/6/2022 00:00:00,23.9,23.9,21.2,21.4,5500
RCL,1/7/2022 00:00:00,22,22,21.1,21.1,3300
RCL,1/10/2022 00:00:00,21.2,21.2,21.2,21.2,900
RCL,1/11/2022 00:00:00,21.2,23.3,21.2,22.1,40300
RCL,1/12/2022 00:00:00,21.5,21.5,21.5,21.5,4600
RCL,1/13/2022 00:00:00,21,21,21,21,1000
RCL,1/14/2022 00:00:00,20.8,20.8,20,20,2400
RCL,1/17/2022 00:00:00,19.5,19.5,19.4,19.4,3000
RCL,1/18/2022 00:00:00,18,19.5,18,19,13600
RCL,1/19/2022 00:00:00,19.1,19.1,19.1,19.1,1200
RCL,1/20/2022 00:00:00,19.1,19.1,19.1,19.1,1500
RCL,1/21/2022 00:00:00,21,21,19.2,19.2,1800
RCL,1/24/2022 00:00:00,19.2,19.2,19.2,19.2,1200
RCL,1/25/2022 00:00:00,19.1,21.1,19.1,21.1,4300
RCL,1/26/2022 00:00:00,23.2,23.2,23.2,23.2,46400
RCL,1/27/2022 00:00:00,22,25.5,21.2,25.5,65500
RCL,1/28/2022 00:00:00,25.5,25.5,23.5,23.5,1700
RCL,2/7/2022 00:00:00,23.2,23.6,23.2,23.6,3300
RCL,2/8/2022 00:00:00,24,24,23.3,23.4,3300
RCL,2/9/2022 00:00:00,23.3,25.7,23.3,25.7,56200
RCL,2/10/2022 00:00:00,26,26,25.2,25.2,6500
RCL,2/11/2022 00:00:00,23.8,23.8,23.8,23.8,2000
RCL,2/14/2022 00:00:00,24,24,23.9,23.9,2300
RCL,2/15/2022 00:00:00,24,26.2,23.8,24.6,118100
RCL,2/16/2022 00:00:00,25.5,25.5,24.8,25.5,2700
RCL,2/17/2022 00:00:00,24.3,26.9,24.3,26.9,1100
RCL,2/18/2022 00:00:00,25.1,25.1,24.6,25,2800
RCL,2/21/2022 00:00:00,26,26,25.1,25.1,1700
RCL,2/22/2022 00:00:00,22.6,25.1,22.6,24.3,1900
RCL,2/23/2022 00:00:00,26,26.7,26,26.7,40000
RCL,2/24/2022 00:00:00,29.3,29.3,25,25,5200
RCL,2/25/2022 00:00:00,25,25,22.7,22.7,5700
RCL,2/28/2022 00:00:00,24.9,24.9,24.9,24.9,10100
RCL,3/1/2022 00:00:00,25.1,25.3,25.1,25.3,500
RCL,3/2/2022 00:00:00,25,25.4,25,25.1,1900
RCL,3/3/2022 00:00:00,22.9,23.6,22.9,23.6,1100
RCL,3/4/2022 00:00:00,23.6,23.7,23.6,23.7,3800
RCL,3/7/2022 00:00:00,22.7,22.7,22.7,22.7,800
RCL,3/8/2022 00:00:00,23.3,24,23.3,24,2600
RCL,3/10/2022 00:00:00,23.1,24,23.1,23.3,1600
RCL,3/11/2022 00:00:00,22.1,25,22.1,22.9,2500
RCL,3/14/2022 00:00:00,22.8,22.8,22.8,22.8,900
RCL,3/15/2022 00:00:00,24,24,22.3,22.3,600
RCL,3/16/2022 00:00:00,21.5,21.5,21.5,21.5,100
RCL,3/17/2022 00:00:00,21.6,21.9,21.6,21.9,800
RCL,3/18/2022 00:00:00,21.1,21.1,21.1,21.1,100
RCL,3/21/2022 00:00:00,19.3,20.8,19.3,20.8,1200
RCL,3/22/2022 00:00:00,22.8,22.8,21.8,21.8,1200
RCL,3/23/2022 00:00:00,21.4,22,21.4,22,600
RCL,3/24/2022 00:00:00,21.4,21.4,21.4,21.4,1000
RCL,3/25/2022 00:00:00,20,20,20,20,1000
RCL,3/28/2022 00:00:00,19.6,19.6,19.6,19.6,2000
RCL,3/29/2022 00:00:00,19.8,19.8,19.8,19.8,1000
RCL,3/30/2022 00:00:00,20,20,20,20,1000
RCL,4/1/2022 00:00:00,19.3,19.3,19.3,19.3,2000
RCL,4/4/2022 00:00:00,21.2,21.2,21.2,21.2,1000
RCL,4/5/2022 00:00:00,23.3,23.3,23.3,23.3,100
RCL,4/6/2022 00:00:00,23.2,23.2,23,23,2100
